GEOID,N,Y,total_hh,home_charge_perc
06001400100,229,1064,1293,0.822892498066512
06001400200,289,558,847,0.6587957497048406
06001400300,1121,1320,2441,0.540761982793937
06001400400,906,896,1802,0.4972253052164262
06001400500,807,799,1606,0.4975093399750934
06001400600,301,372,673,0.5527488855869243
06001400700,999,952,1951,0.4879548949256791
06001400800,880,772,1652,0.46731234866828086
06001400900,511,567,1078,0.525974025974026
06001401000,1260,1210,2470,0.4898785425101215
06001401100,1297,774,2071,0.3737324963785611
06001401200,569,661,1230,0.5373983739837398
06001401300,1247,580,1827,0.31746031746031744
06001401400,877,721,1598,0.45118898623279097
06001401500,573,569,1142,0.4982486865148862
06001401600,495,401,896,0.44754464285714285
06001401700,741,554,1295,0.4277992277992278
06001401800,385,292,677,0.43131462333825704
06001402200,462,409,871,0.4695752009184845
06001402400,698,523,1221,0.4283374283374283
06001402500,498,236,734,0.3215258855585831
06001402600,459,172,631,0.27258320126782887
06001402700,384,309,693,0.4458874458874459
06001402800,1784,605,2389,0.2532440351611553
06001402900,720,229,949,0.24130663856691253
06001403000,1065,404,1469,0.27501701837985026
06001403100,659,239,898,0.2661469933184855
06001403300,1493,650,2143,0.30331311245916937
06001403400,2026,812,2838,0.2861169837914024
06001403501,1810,845,2655,0.3182674199623352
06001403502,774,384,1158,0.3316062176165803
06001403600,1975,668,2643,0.2527430949678396
06001403701,1286,452,1738,0.2600690448791715
06001403702,805,297,1102,0.2695099818511797
06001403800,1016,798,1814,0.43991179713340683
06001403900,1292,767,2059,0.37251092763477417
06001404000,1065,573,1638,0.3498168498168498
06001404101,884,776,1660,0.4674698795180723
06001404102,1089,568,1657,0.3427881713940857
06001404200,283,1003,1286,0.7799377916018663
06001404300,281,1003,1284,0.7811526479750779
06001404400,535,1780,2315,0.7688984881209503
06001404501,95,564,659,0.8558421851289834
06001404502,464,2019,2483,0.8131292790978655
06001404600,245,1538,1783,0.8625911385305665
06001404700,131,674,805,0.8372670807453416
06001404800,481,678,1159,0.5849870578084556
06001404900,655,1205,1860,0.6478494623655914
06001405000,484,962,1446,0.665283540802213
06001405100,227,1381,1608,0.8588308457711443
06001405200,1382,1032,2414,0.4275062137531069
06001405301,1105,467,1572,0.2970737913486005
06001405302,982,395,1377,0.28685548293391433
06001405401,1126,531,1657,0.3204586602293301
06001405402,761,419,1180,0.3550847457627119
06001405500,927,645,1572,0.41030534351145037
06001405600,767,619,1386,0.4466089466089466
06001405700,735,633,1368,0.46271929824561403
06001405800,602,736,1338,0.55007473841554555
06001405901,518,582,1100,0.5290909090909091
06001405902,423,502,925,0.5427027027027027
06001406000,1019,532,1551,0.34300451321727915
06001406100,861,614,1475,0.41627118644067795
06001406201,842,643,1485,0.432996632996633
06001406202,820,517,1337,0.38668661181750186
06001406300,495,760,1255,0.6055776892430279
06001406400,324,424,748,0.5668449197860963
06001406500,990,958,1948,0.4917864476386037
06001406601,871,875,1746,0.5011454753722795
06001406602,516,425,941,0.45164718384697133
06001406700,609,1569,2178,0.7203856749311295
06001406800,332,1028,1360,0.7558823529411764
06001406900,590,961,1551,0.6196002578981302
06001407000,796,1195,1991,0.6002009040683074
06001407101,453,603,1056,0.5710227272727273
06001407102,466,889,1355,0.6560885608856089
06001407200,988,939,1927,0.48728593668915415
06001407300,334,396,730,0.5424657534246575
06001407400,525,602,1127,0.5341614906832298
06001407500,691,667,1358,0.49116347569955815
06001407600,877,1246,2123,0.586905322656618
06001407700,343,1308,1651,0.7922471229557844
06001407800,177,571,748,0.7633689839572193
06001407900,262,864,1126,0.7673179396092362
06001408000,160,877,1037,0.845708775313404
06001408100,744,1973,2717,0.7261685682738315
06001408200,891,1070,1961,0.5456399796022438
06001408300,443,1385,1828,0.7576586433260394
06001408400,476,681,1157,0.5885911840968021
06001408500,598,1013,1611,0.6288019863438857
06001408600,673,1138,1811,0.6283821093318609
06001408700,902,1553,2455,0.6325865580448066
06001408800,1201,1024,2225,0.4602247191011236
06001408900,504,512,1016,0.5039370078740157
06001409000,351,784,1135,0.690748898678414
06001409100,151,524,675,0.7762962962962963
06001409200,315,667,982,0.6792260692464358
06001409300,632,995,1627,0.6115550092194223
06001409400,472,796,1268,0.6277602523659306
06001409500,495,636,1131,0.5623342175066313
06001409600,697,787,1484,0.5303234501347709
06001409700,686,891,1577,0.5649968294229549
06001409800,390,904,1294,0.6986089644513137
06001409900,254,1169,1423,0.8215038650737878
06001410000,205,1022,1227,0.8329258353708231
06001410100,375,725,1100,0.6590909090909091
06001410200,371,756,1127,0.6708074534161491
06001410300,415,608,1023,0.5943304007820137
06001410400,390,961,1351,0.7113249444855663
06001410500,561,364,925,0.3935135135135135
06001420100,217,674,891,0.7564534231200898
06001420200,572,684,1256,0.5445859872611465
06001420300,1074,873,1947,0.44838212634822805
06001420400,826,303,1129,0.2683790965456156
06001420500,321,653,974,0.6704312114989733
06001420600,265,982,1247,0.7874899759422614
06001421100,102,735,837,0.8781362007168458
06001421200,189,1277,1466,0.8710777626193724
06001421300,319,1259,1578,0.7978453738910013
06001421400,114,511,625,0.8176
06001421500,318,1258,1576,0.7982233502538071
06001421600,371,1166,1537,0.7586206896551724
06001421700,839,735,1574,0.4669631512071156
06001421800,251,608,859,0.7077997671711292
06001421900,626,1106,1732,0.6385681293302541
06001422000,588,340,928,0.36637931034482757
06001422100,579,633,1212,0.5222772277227723
06001422200,641,913,1554,0.5875160875160875
06001422300,869,811,1680,0.48273809523809524
06001422400,1404,663,2067,0.32075471698113206
06001422500,924,515,1439,0.3578874218207088
06001422600,5,21,26,0.8076923076923077
06001422700,653,400,1053,0.3798670465337132
06001422800,945,348,1293,0.2691415313225058
06001422900,1534,594,2128,0.2791353383458647
06001423000,1073,1014,2087,0.4858648778150455
06001423100,976,1000,1976,0.5060728744939271
06001423200,659,483,1142,0.42294220665499127
06001423300,528,1059,1587,0.667296786389414
06001423400,1039,963,2002,0.481018981018981
06001423500,806,680,1486,0.4576043068640646
06001423601,614,600,1214,0.4942339373970346
06001423602,1538,655,2193,0.29867761057911535
06001423700,671,634,1305,0.48582375478927203
06001423800,398,908,1306,0.6952526799387443
06001423901,429,389,818,0.47555012224938875
06001423902,373,339,712,0.476123595505618
06001424001,792,634,1426,0.44460028050490885
06001424002,412,522,934,0.5588865096359743
06001425101,837,322,1159,0.27782571182053495
06001425102,1496,526,2022,0.26013847675568746
06001425103,862,567,1429,0.3967809657102869
06001425104,1286,672,1958,0.3432073544433095
06001426100,314,1864,2178,0.8558310376492194
06001426200,242,1418,1660,0.8542168674698796
06001427100,347,1073,1420,0.7556338028169014
06001427200,773,824,1597,0.5159674389480275
06001427300,795,1263,2058,0.6137026239067055
06001427600,1145,628,1773,0.3542019176536943
06001427700,1053,1181,2234,0.5286481647269472
06001427800,998,1074,2072,0.5183397683397684
06001427900,1124,948,2072,0.4575289575289575
06001428000,894,468,1362,0.3436123348017621
06001428100,786,1197,1983,0.6036308623298033
06001428200,976,1685,2661,0.6332205937617437
06001428301,641,1851,2492,0.742776886035313
06001428302,491,1983,2474,0.801535974130962
06001428400,1230,643,1873,0.3432995194874533
06001428500,766,620,1386,0.44733044733044736
06001428600,873,708,1581,0.4478178368121442
06001428700,678,702,1380,0.508695652173913
06001430101,393,1786,2179,0.8196420376319412
06001430102,160,740,900,0.8222222222222222
06001430200,337,2063,2400,0.8595833333333334
06001430300,214,1120,1334,0.8395802098950524
06001430400,104,612,716,0.8547486033519553
06001430500,651,1435,2086,0.6879194630872483
06001430600,390,1776,2166,0.8199445983379502
06001430700,267,1128,1395,0.8086021505376344
06001430800,555,1554,2109,0.7368421052631579
06001430900,1087,777,1864,0.4168454935622318
06001431000,496,591,1087,0.5436982520699172
06001431100,671,706,1377,0.5127087872185911
06001431200,1153,1343,2496,0.5380608974358975
06001432100,386,1072,1458,0.7352537722908093
06001432200,624,1056,1680,0.6285714285714286
06001432300,491,1164,1655,0.7033232628398791
06001432400,632,1200,1832,0.6550218340611353
06001432501,420,1002,1422,0.7046413502109705
06001432502,520,1016,1536,0.6614583333333334
06001432600,1642,1394,3036,0.45915678524374176
06001432700,265,770,1035,0.7439613526570048
06001432800,228,1214,1442,0.841886269070735
06001433000,295,1076,1371,0.7848285922684172
06001433102,460,924,1384,0.6676300578034682
06001433103,860,550,1410,0.3900709219858156
06001433104,1071,778,1849,0.42076798269334775
06001433200,1291,1481,2772,0.5342712842712842
06001433300,381,1837,2218,0.8282236248872858
06001433400,605,1595,2200,0.725
06001433500,262,1140,1402,0.8131241084165478
06001433600,781,1351,2132,0.6336772983114447
06001433700,490,529,1019,0.5191364082433758
06001433800,1008,1565,2573,0.6082394092499028
06001433900,1381,992,2373,0.41803624104509063
06001434000,835,987,1822,0.5417124039517014
06001435102,509,1065,1574,0.6766200762388819
06001435103,323,2023,2346,0.8623188405797102
06001435104,1370,832,2202,0.37783832879200724
06001435200,254,1251,1505,0.8312292358803987
06001435300,695,945,1640,0.5762195121951219
06001435400,908,873,1781,0.4901740595171252
06001435500,717,813,1530,0.5313725490196078
06001435601,697,903,1600,0.564375
06001435602,632,1041,1673,0.6222355050806934
06001435700,454,1005,1459,0.6888279643591501
06001435800,321,1331,1652,0.8056900726392252
06001435900,289,1344,1633,0.8230251071647275
06001436000,225,1281,1506,0.850597609561753
06001436100,538,1218,1756,0.693621867881549
06001436200,687,581,1268,0.4582018927444795
06001436300,1132,1846,2978,0.6198791134989926
06001436401,921,1927,2848,0.6766151685393258
06001436402,176,882,1058,0.833648393194707
06001436500,939,783,1722,0.4547038327526132
06001436601,720,1142,1862,0.6133190118152524
06001436602,1017,663,1680,0.39464285714285713
06001436700,378,710,1088,0.6525735294117647
06001436800,509,833,1342,0.620715350223547
06001436900,721,1164,1885,0.6175066312997347
06001437000,344,869,1213,0.7164056059356966
06001437101,412,1624,2036,0.7976424361493124
06001437102,626,780,1406,0.5547652916073968
06001437200,736,1608,2344,0.6860068259385665
06001437300,344,615,959,0.6412930135557873
06001437400,154,800,954,0.8385744234800838
06001437500,604,588,1192,0.49328859060402686
06001437600,319,601,920,0.6532608695652173
06001437701,604,422,1026,0.41130604288499023
06001437702,738,374,1112,0.3363309352517986
06001437800,349,1011,1360,0.7433823529411765
06001437900,288,375,663,0.5656108597285068
06001438000,373,772,1145,0.674235807860262
06001438100,474,1671,2145,0.779020979020979
06001438201,304,889,1193,0.7451802179379715
06001438203,301,858,1159,0.7402933563416738
06001438204,594,1253,1847,0.6783974011911207
06001438300,152,721,873,0.8258877434135166
06001438400,153,580,733,0.79126875852660306
06001440100,592,548,1140,0.4807017543859649
06001440200,448,1072,1520,0.7052631578947368
06001440301,633,1611,2244,0.7179144385026738
06001440304,377,930,1307,0.7115531752104055
06001440305,127,934,1061,0.8803016022620169
06001440306,321,705,1026,0.6871345029239766
06001440307,625,1065,1690,0.6301775147928994
06001440308,781,1225,2006,0.6106679960119641
06001440331,337,562,899,0.625139043381535
06001440332,103,815,918,0.8877995642701525
06001440333,153,690,843,0.8185053380782918
06001440334,191,923,1114,0.8285457809694794
06001440335,921,1444,2365,0.6105708245243129
06001440336,471,963,1434,0.6715481171548117
06001441100,457,1218,1675,0.7271641791044776
06001441200,833,1685,2518,0.6691818903891977
06001441301,451,707,1158,0.6105354058721935
06001441302,467,1427,1894,0.7534318901795143
06001441401,833,1552,2385,0.6507337526205451
06001441402,443,1284,1727,0.7434858135495078
06001441501,311,1514,1825,0.8295890410958904
06001441503,753,1641,2394,0.6854636591478697
06001441521,403,1418,1821,0.7786930258099946
06001441522,252,1239,1491,0.8309859154929577
06001441523,637,808,1445,0.5591695501730104
06001441524,435,898,1333,0.673668417104276
06001441601,308,1160,1468,0.7901907356948229
06001441602,930,1482,2412,0.6144278606965174
06001441700,1193,1762,2955,0.5962774957698815
06001441800,910,1470,2380,0.6176470588235294
06001441921,615,648,1263,0.5130641330166271
06001441923,1680,612,2292,0.2670157068062827
06001441924,1034,1624,2658,0.6109857035364936
06001441925,2031,1038,3069,0.33822091886608013
06001441926,963,548,1511,0.3626737260092654
06001441927,1077,711,1788,0.3976510067114094
06001442000,141,880,1021,0.861900097943193
06001442100,311,1319,1630,0.80920245398773
06001442200,363,1904,2267,0.8398764887516542
06001442301,672,976,1648,0.5922330097087378
06001442302,1404,964,2368,0.40709459459459457
06001442400,515,1503,2018,0.744796828543112
06001442500,717,1580,2297,0.6878537222464084
06001442601,368,948,1316,0.7203647416413373
06001442602,565,1076,1641,0.65569774527727
06001442700,272,780,1052,0.7414448669201521
06001442800,179,761,940,0.8095744680851064
06001442900,499,1788,2287,0.7818102317446436
06001443001,152,684,836,0.8181818181818182
06001443002,505,1509,2014,0.7492552135054618
06001443102,198,1313,1511,0.8689609530112509
06001443103,209,1039,1248,0.8325320512820513
06001443104,514,1275,1789,0.7126886528787032
06001443105,270,1269,1539,0.8245614035087719
06001443200,154,1071,1225,0.8742857142857143
06001443301,192,1094,1286,0.8506998444790047
06001443321,631,494,1125,0.4391111111111111
06001443322,135,857,992,0.8639112903225806
06001444100,475,2098,2573,0.815390594636611
06001444200,427,1460,1887,0.7737148913619502
06001444301,246,943,1189,0.7931034482758621
06001444302,534,966,1500,0.644
06001444400,551,968,1519,0.6372613561553654
06001444500,870,1155,2025,0.5703703703703704
06001444601,320,1459,1779,0.8201236649803261
06001444602,632,943,1575,0.5987301587301588
06001450101,1302,866,2168,0.3994464944649446
06001450102,408,926,1334,0.6941529235382309
06001450200,1170,985,2155,0.45707656612529
06001450300,592,1219,1811,0.6731087796797349
06001450400,687,1774,2461,0.7208451848841935
06001450501,356,844,1200,0.7033333333333334
06001450502,323,1500,1823,0.8228195282501372
06001450601,291,1079,1370,0.7875912408759124
06001450602,963,2575,3538,0.7278123233465235
06001450603,244,1427,1671,0.8539796529024536
06001450604,454,1394,1848,0.7543290043290043
06001450605,361,1147,1508,0.7606100795755968
06001450606,349,1754,2103,0.8340466000951022
06001450607,1195,1250,2445,0.5112474437627812
06001450701,406,2379,2785,0.8542190305206463
06001450741,718,1332,2050,0.6497560975609756
06001450742,544,1430,1974,0.7244174265450861
06001450743,1349,1143,2492,0.4586677367576244
06001450744,650,1506,2156,0.6985157699443414
06001450745,611,1710,2321,0.7367514002585093
06001450746,419,1004,1423,0.7055516514406184
06001450750,1346,942,2288,0.4117132867132867
06001450751,494,2641,3135,0.8424242424242424
06001450752,410,1681,2091,0.803921568627451
06001451101,517,2113,2630,0.8034220532319392
06001451102,143,1216,1359,0.8947755702722591
06001451201,800,2031,2831,0.717414341222183
06001451202,372,1453,1825,0.7961643835616439
06001451300,475,1894,2369,0.7994934571549177
06001451401,960,1482,2442,0.6068796068796068
06001451403,148,635,783,0.8109833971902938
06001451404,747,1475,2222,0.6638163816381638
06001451501,567,1166,1733,0.6728216964800924
06001451503,544,1700,2244,0.7575757575757576
06001451504,182,444,626,0.7092651757188498
06001451505,148,1045,1193,0.875943000838223
06001451506,461,643,1104,0.582427536231884
06001451601,509,1474,1983,0.7433182047402925
06001451602,1107,1652,2759,0.5987676694454512
06001451701,191,918,1109,0.8277727682596934
06001451703,209,1184,1393,0.8499641062455133
06001451704,379,1280,1659,0.7715491259795058
06001981900,15,12,27,0.4444444444444444
06001982000,17,15,32,0.46875
06001983200,235,105,340,0.3088235294117647
06003010000,46,304,350,0.8685714285714285
06005000101,253,1687,1940,0.8695876288659794
06005000102,130,638,768,0.8307291666666666
06005000200,342,1450,1792,0.8091517857142857
06005000301,103,519,622,0.8344051446945338
06005000303,616,1823,2439,0.7474374743747437
06005000304,334,1272,1606,0.7920298879202988
06005000401,719,1507,2226,0.6769991015274034
06005000402,294,1483,1777,0.8345526167698368
06005000500,280,1144,1424,0.8033707865168539
06007000102,502,1073,1575,0.6812698412698412
06007000103,283,1456,1739,0.8372627947096032
06007000104,923,1310,2233,0.5866547245857591
06007000201,852,999,1851,0.539708265802269
06007000202,822,934,1756,0.5318906605922551
06007000300,986,894,1880,0.475531914893617
06007000401,651,920,1571,0.5856142584341184
06007000402,905,2156,3061,0.7043449852989219
06007000501,498,991,1489,0.6655473472128945
06007000502,966,708,1674,0.4229390681003584
06007000601,276,1048,1324,0.7915407854984894
06007000603,435,535,970,0.5515463917525774
06007000604,952,506,1458,0.34705075445816186
06007000700,861,1379,2240,0.615625
06007000800,517,1662,2179,0.7627351996328591
06007000901,231,809,1040,0.7778846153846154
06007000903,1407,1258,2665,0.47204502814258914
06007000904,961,1707,2668,0.6398050974512743
06007001000,775,929,1704,0.54518779342723
06007001100,692,948,1640,0.5780487804878048
06007001200,587,809,1396,0.579512893982808
06007001300,524,823,1347,0.6109873793615441
06007001400,373,1805,2178,0.8287419651056015
06007001500,442,1594,2036,0.7829076620825147
06007001600,364,1658,2022,0.8199802176063303
06007001702,552,1739,2291,0.7590571802706242
06007001703,201,863,1064,0.8110902255639098
06007001704,358,987,1345,0.7338289962825278
06007001800,504,1452,1956,0.7423312883435583
06007001900,205,965,1170,0.8247863247863247
06007002000,568,1466,2034,0.7207472959685349
06007002100,429,1075,1504,0.7147606382978723
06007002200,549,1456,2005,0.7261845386533666
06007002300,531,1459,1990,0.7331658291457287
06007002400,534,1591,2125,0.7487058823529412
06007002500,612,891,1503,0.592814371257485
06007002601,194,798,992,0.8044354838709677
06007002602,396,1225,1621,0.7557063541024059
06007002700,560,1588,2148,0.7392923649906891
06007002800,776,911,1687,0.5400118553645524
06007002900,242,651,893,0.729003359462486
06007003001,210,553,763,0.7247706422018348
06007003002,290,789,1079,0.7312326227988879
06007003100,289,1359,1648,0.8246359223300971
06007003200,411,1089,1500,0.726
06007003300,409,1230,1639,0.75045759609518
06007003400,278,806,1084,0.7435424354243543
06007003501,238,886,1124,0.7882562277580071
06007003502,380,1154,1534,0.7522816166883963
06007003600,212,1063,1275,0.8337254901960784
06007003700,381,1269,1650,0.769090909090909
06009000120,316,1505,1821,0.8264689730917079
06009000121,546,1574,2120,0.7424528301886792
06009000122,358,1168,1526,0.765399737876802
06009000210,673,3004,3677,0.8169703562686973
06009000220,336,1772,2108,0.8406072106261859
06009000300,670,1811,2481,0.7299476017734784
06009000400,220,987,1207,0.8177299088649544
06009000501,191,900,1091,0.8249312557286893
06009000503,91,583,674,0.8649851632047477
06009000504,40,197,237,0.8312236286919831
06011000100,430,1268,1698,0.7467608951707891
06011000200,561,1351,1912,0.7065899581589958
06011000300,432,1342,1774,0.7564825253664036
06011000400,201,697,898,0.7761692650334076
06011000500,296,649,945,0.6867724867724868
06013301000,394,1470,1864,0.7886266094420601
06013302005,714,1604,2318,0.6919758412424504
06013302006,193,1038,1231,0.843216896831844
06013302007,414,1581,1995,0.7924812030075188
06013302008,418,1844,2262,0.8152077807250221
06013302009,454,1672,2126,0.786453433678269
06013302010,426,2744,3170,0.865615141955836
06013303102,550,2297,2847,0.8068141903758342
06013303103,871,3036,3907,0.7770668031737906
06013303201,679,2514,3193,0.7873473222674601
06013303202,395,2036,2431,0.8375154257507199
06013303203,590,2395,2985,0.8023450586264657
06013303204,348,1345,1693,0.7944477259303012
06013303205,526,2934,3460,0.8479768786127168
06013304001,301,1611,1912,0.8425732217573222
06013304002,97,378,475,0.7957894736842105
06013304003,246,1264,1510,0.8370860927152318
06013304004,359,1318,1677,0.7859272510435301
06013304005,352,2070,2422,0.8546655656482246
06013305000,975,1244,2219,0.5606128886885985
06013306002,178,862,1040,0.8288461538461539
06013306003,495,1144,1639,0.697986577181208
06013306004,487,785,1272,0.6171383647798742
06013307101,296,1167,1463,0.797676008202324
06013307102,549,1198,1747,0.6857469948483114
06013307201,441,626,1067,0.5866916588566073
06013307202,1024,518,1542,0.3359273670557717
06013307204,199,1113,1312,0.8483231707317073
06013307205,1241,1352,2593,0.5214037794060933
06013308001,538,1929,2467,0.781921361978111
06013308002,183,1224,1407,0.8699360341151386
06013309000,512,740,1252,0.5910543130990416
06013310000,554,1160,1714,0.676779463243874
06013311000,439,1072,1511,0.7094639311714097
06013312000,324,411,735,0.5591836734693878
06013313101,1165,1499,2664,0.5626876876876877
06013313102,675,859,1534,0.559973924380704
06013313103,762,1888,2650,0.7124528301886792
06013313203,150,803,953,0.8426023084994754
06013313204,549,1206,1755,0.6871794871794872
06013313205,83,417,500,0.834
06013313206,395,1167,1562,0.7471190781049936
06013314102,510,1365,1875,0.728
06013314103,662,883,1545,0.5715210355987055
06013314104,1018,1504,2522,0.5963521015067407
06013314200,478,1346,1824,0.7379385964912281
06013315000,246,1045,1291,0.8094500387296669
06013316000,266,206,472,0.4364406779661017
06013317000,443,569,1012,0.5622529644268774
06013318000,557,1015,1572,0.6456743002544529
06013319000,915,2207,3122,0.7069186418962203
06013320001,256,927,1183,0.7836010143702451
06013320003,239,777,1016,0.764763779527559
06013320004,805,1749,2554,0.6848081440877055
06013321101,648,1686,2334,0.7223650385604113
06013321102,604,2064,2668,0.7736131934032984
06013321103,410,1405,1815,0.7741046831955923
06013321200,1146,1190,2336,0.509417808219178
06013322000,590,1930,2520,0.7658730158730159
06013323000,351,1381,1732,0.7973441108545035
06013324001,1963,1172,3135,0.37384370015948964
06013324002,1276,1048,2324,0.4509466437177281
06013325000,634,1608,2242,0.7172167707404103
06013326000,225,1135,1360,0.8345588235294118
06013327000,982,1873,2855,0.6560420315236427
06013328000,980,377,1357,0.2778187177597642
06013329000,563,1670,2233,0.7478728168383341
06013330000,321,1628,1949,0.8353001539250898
06013331000,917,1897,2814,0.6741293532338308
06013332000,682,2247,2929,0.7671560259474224
06013333101,344,1148,1492,0.7694369973190348
06013333102,431,1114,1545,0.7210355987055016
06013333200,512,1712,2224,0.7697841726618705
06013334001,547,928,1475,0.6291525423728813
06013334004,1354,1846,3200,0.576875
06013334006,305,1421,1726,0.8232908458864426
06013334200,632,2059,2691,0.7651430694908956
06013335000,227,935,1162,0.8046471600688468
06013336101,1040,552,1592,0.34673366834170855
06013336102,1909,813,2722,0.29867744305657606
06013336201,348,900,1248,0.7211538461538461
06013336202,1046,689,1735,0.39711815561959657
06013337100,304,926,1230,0.7528455284552845
06013337200,1405,1842,3247,0.5672928857406837
06013337300,495,1882,2377,0.7917543121581826
06013338101,916,971,1887,0.5145733969263381
06013338102,254,1116,1370,0.8145985401459854
06013338201,263,1188,1451,0.8187456926257753
06013338203,1669,1091,2760,0.3952898550724638
06013338204,1287,1605,2892,0.5549792531120332
06013338301,205,883,1088,0.8115808823529411
06013338302,420,1695,2115,0.8014184397163121
06013339001,1423,496,1919,0.2584679520583637
06013339002,2455,1206,3661,0.3294181917508877
06013340001,1022,1447,2469,0.5860672336978534
06013340002,663,2392,3055,0.7829787234042553
06013341000,804,1312,2116,0.6200378071833649
06013343001,835,1187,2022,0.5870425321463897
06013343002,565,1215,1780,0.6825842696629213
06013343003,296,1156,1452,0.7961432506887053
06013345101,454,1385,1839,0.7531266992930941
06013345102,127,1059,1186,0.8929173693086003
06013345103,362,1395,1757,0.7939669891861126
06013345105,501,1713,2214,0.7737127371273713
06013345108,1280,1936,3216,0.6019900497512438
06013345111,705,1149,1854,0.6197411003236246
06013345112,826,1532,2358,0.6497031382527566
06013345113,305,1256,1561,0.8046124279308136
06013345114,507,2081,2588,0.8040958268933539
06013345115,461,1472,1933,0.7615106052767718
06013345116,127,758,885,0.8564971751412429
06013345202,1294,1736,3030,0.572937293729373
06013345203,809,1924,2733,0.7039882912550312
06013345204,158,1088,1246,0.8731942215088283
06013346101,210,1110,1320,0.8409090909090909
06013346102,235,1693,1928,0.8781120331950207
06013346201,506,2359,2865,0.8233856893542757
06013346203,221,1254,1475,0.8501694915254238
06013346204,445,2199,2644,0.8316944024205749
06013347000,385,1926,2311,0.8334054521852012
06013348000,249,1352,1601,0.8444722048719551
06013349000,772,1350,2122,0.6361922714420358
06013350000,1061,1505,2566,0.5865159781761496
06013351101,1224,727,1951,0.3726294208098411
06013351102,1790,983,2773,0.3544897223223945
06013351103,844,514,1358,0.3784977908689249
06013351200,294,1803,2097,0.8597997138769671
06013352101,131,697,828,0.8417874396135265
06013352102,301,1540,1841,0.8365019011406845
06013352201,718,1728,2446,0.7064595257563369
06013352202,280,801,1081,0.7409805735430157
06013353001,260,1150,1410,0.8156028368794326
06013353002,183,1365,1548,0.8817829457364341
06013354001,112,649,761,0.8528252299605782
06013354002,463,2275,2738,0.8308984660336012
06013355107,275,1374,1649,0.8332322619769558
06013355108,627,3067,3694,0.8302652950730915
06013355109,405,1728,2133,0.810126582278481
06013355110,177,1025,1202,0.8527454242928453
06013355111,439,1511,1950,0.7748717948717949
06013355112,285,1784,2069,0.8622522957950701
06013355113,218,1480,1698,0.8716136631330977
06013355114,659,2854,3513,0.8124110446911472
06013355115,1256,1416,2672,0.5299401197604791
06013355116,642,1845,2487,0.7418576598311218
06013355117,261,1672,1933,0.8649767201241594
06013355200,740,2327,3067,0.758721878056733
06013355301,504,2375,2879,0.8249392150052102
06013355302,160,1067,1227,0.86960065199674
06013355304,586,2536,3122,0.8122998078155029
06013355306,250,1616,1866,0.8660235798499464
06013356001,229,1032,1261,0.8183980967486122
06013356002,424,1513,1937,0.7811048012390295
06013357000,534,908,1442,0.6296809986130375
06013358000,867,1397,2264,0.6170494699646644
06013359102,631,1317,1948,0.6760780287474333
06013359103,598,1321,1919,0.6883793642522147
06013359104,434,488,922,0.5292841648590022
06013359105,391,1337,1728,0.7737268518518519
06013359202,454,1725,2179,0.791647544745296
06013359203,496,1792,2288,0.7832167832167832
06013359204,308,1217,1525,0.7980327868852459
06013360101,327,1317,1644,0.801094890510949
06013360102,191,1260,1451,0.8683666436940042
06013360200,643,1132,1775,0.6377464788732394
06013361000,566,1199,1765,0.6793201133144476
06013362000,191,999,1190,0.8394957983193277
06013363000,728,1914,2642,0.72445117335352
06013364002,443,1348,1791,0.7526521496370743
06013365002,455,1025,1480,0.6925675675675675
06013365003,1358,985,2343,0.42040119504908235
06013366001,398,845,1243,0.6798069187449718
06013366002,708,1102,1810,0.6088397790055249
06013367100,844,1155,1999,0.5777888944472236
06013367200,618,1125,1743,0.6454388984509466
06013368001,517,792,1309,0.6050420168067226
06013368002,483,635,1118,0.5679785330948122
06013369001,1340,984,2324,0.423407917383821
06013369002,373,691,1064,0.6494360902255639
06013370000,247,890,1137,0.7827616534740546
06013371000,512,1435,1947,0.7370313302516692
06013372000,515,1780,2295,0.775599128540305
06013373000,402,751,1153,0.6513443191673894
06013374000,667,1104,1771,0.6233766233766234
06013375000,504,727,1231,0.5905767668562144
06013376000,605,1039,1644,0.6319951338199513
06013377000,1086,1179,2265,0.5205298013245033
06013378000,691,1048,1739,0.6026451983898793
06013379000,636,1273,1909,0.6668412781561027
06013380000,1520,1288,2808,0.4586894586894587
06013381000,834,1167,2001,0.5832083958020989
06013382000,1371,1420,2791,0.5087782156932998
06013383000,637,1395,2032,0.6865157480314961
06013384000,242,1389,1631,0.8516247700797057
06013385100,182,928,1110,0.836036036036036
06013385200,72,438,510,0.8588235294117647
06013386000,765,708,1473,0.48065173116089616
06013387000,481,629,1110,0.5666666666666667
06013388000,447,682,1129,0.604074402125775
06013389100,376,510,886,0.5756207674943566
06013389200,417,253,670,0.3776119402985075
06013390100,137,778,915,0.8502732240437159
06013390200,132,611,743,0.8223418573351279
06013391000,236,904,1140,0.7929824561403509
06013392000,157,957,1114,0.8590664272890485
06013392200,756,2309,3065,0.7533442088091354
06013392300,171,680,851,0.799059929494712
06015000101,751,1135,1886,0.6018027571580064
06015000102,390,943,1333,0.7074268567141786
06015000104,335,547,882,0.6201814058956916
06015000105,538,1914,2452,0.7805872756933115
06015000201,353,1117,1470,0.7598639455782313
06015000202,381,1087,1468,0.7404632152588556
06015000203,117,337,454,0.7422907488986784
06017030200,826,1138,1964,0.5794297352342159
06017030301,388,658,1046,0.6290630975143403
06017030302,566,712,1278,0.5571205007824727
06017030401,289,1040,1329,0.78254326561324306
06017030402,810,1090,1900,0.5736842105263158
06017030502,150,877,1027,0.8539435248296008
06017030504,142,813,955,0.8513089005235602
06017030505,110,764,874,0.8741418764302059
06017030601,311,1812,2123,0.8535091851154027
06017030602,536,2287,2823,0.8101310662415869
06017030603,245,1253,1498,0.8364485981308412
06017030701,387,1741,2128,0.8181390977443609
06017030704,898,2502,3400,0.7358823529411764
06017030706,484,1764,2248,0.7846975088967971
06017030709,191,1412,1603,0.8808484092326887
06017030710,246,1508,1754,0.8597491448118586
06017030801,279,1338,1617,0.8274582560296846
06017030803,882,2221,3103,0.7157589429584273
06017030804,504,1893,2397,0.7897371714643304
06017030807,296,1138,1434,0.793584379358438
06017030808,497,1847,2344,0.7879692832764505
06017030809,226,703,929,0.7567276641550054
06017030810,478,956,1434,0.6666666666666666
06017030901,178,977,1155,0.8458874458874459
06017030902,252,1577,1829,0.8622197922361946
06017031000,761,1749,2510,0.696812749003984
06017031100,570,1704,2274,0.7493403693931399
06017031200,454,1427,1881,0.7586390217969166
06017031301,190,1110,1300,0.8538461538461538
06017031302,487,1376,1863,0.738593666129898
06017031402,331,2126,2457,0.8652828652828652
06017031404,126,776,902,0.8603104212860311
06017031405,121,851,972,0.8755144032921811
06017031406,250,1763,2013,0.8758072528564332
06017031502,717,1790,2507,0.7140007977662545
06017031503,165,862,1027,0.8393378773125608
06017031504,568,1665,2233,0.7456336766681594
06017031600,749,639,1388,0.4603746397694525
06017031700,124,823,947,0.8690601900739177
06017031800,246,1892,2138,0.8849391955098223
06017031900,10,37,47,0.7872340425531915
06017032000,68,255,323,0.7894736842105263
06019000100,495,188,683,0.2752562225475842
06019000200,313,447,760,0.5881578947368421
06019000300,423,695,1118,0.6216457960644007
06019000400,333,912,1245,0.7325301204819277
06019000501,470,305,775,0.3935483870967742
06019000502,590,418,1008,0.4146825396825397
06019000600,1260,690,1950,0.35384615384615387
06019000700,291,832,1123,0.7408726625111309
06019000800,261,158,419,0.37708830548926014
06019000901,298,415,713,0.5820476858345021
06019000902,632,761,1393,0.5463029432878679
06019001000,303,717,1020,0.7029411764705882
06019001100,173,528,701,0.7532097004279601
06019001201,395,1051,1446,0.7268326417704011
06019001202,364,778,1142,0.681260945709282
06019001301,422,1051,1473,0.7135098438560761
06019001303,221,370,591,0.62605752961082906
06019001304,770,663,1433,0.46266573621772505
06019001407,1051,555,1606,0.3455790784557908
06019001408,714,505,1219,0.4142739950779327
06019001409,153,530,683,0.7759882869692533
06019001410,585,2200,2785,0.7899461400359067
06019001411,851,1290,2141,0.6025221858944418
06019001412,103,591,694,0.8515850144092219
06019001413,272,1569,1841,0.8522542096686584
06019001414,465,1960,2425,0.8082474226804124
06019001500,173,446,619,0.7205169628432956
06019001600,528,1260,1788,0.7046979865771812
06019001700,492,1344,1836,0.7320261437908496
06019001800,274,1044,1318,0.7921092564491654
06019001900,170,671,841,0.797859690844233
06019002000,732,1025,1757,0.5833807626636311
06019002100,653,1409,2062,0.6833171677982541
06019002200,633,965,1598,0.6038798498122653
06019002300,544,740,1284,0.5763239875389408
06019002400,573,765,1338,0.5717488789237668
06019002501,670,675,1345,0.5018587360594795
06019002502,546,580,1126,0.5150976909413855
06019002601,378,929,1307,0.7107880642693191
06019002602,236,750,986,0.7606490872210954
06019002701,272,888,1160,0.7655172413793103
06019002702,666,710,1376,0.5159883720930233
06019002800,564,718,1282,0.5600624024960998
06019002903,605,565,1170,0.4829059829059829
06019002904,206,633,839,0.7544696066746126
06019002905,428,488,916,0.5327510917030568
06019002906,577,980,1557,0.6294155427103404
06019003001,338,546,884,0.6176470588235294
06019003003,624,532,1156,0.4602076124567474
06019003004,187,535,722,0.7409972299168975
06019003102,1269,1380,2649,0.5209513023782559
06019003103,889,1147,2036,0.5633595284872298
06019003104,862,708,1570,0.45095541401273886
06019003201,493,993,1486,0.6682368775235532
06019003202,795,859,1654,0.5193470374848851
06019003301,367,690,1057,0.6527909176915799
06019003302,489,1011,1500,0.674
06019003400,714,969,1683,0.5757575757575758
06019003500,798,1295,2093,0.6187290969899666
06019003600,386,1378,1764,0.7811791383219955
06019003701,352,701,1053,0.6657169990503324
06019003702,627,893,1520,0.5875
06019003803,495,2083,2578,0.8079906904577192
06019003804,268,1374,1642,0.8367844092570037
06019003805,932,1138,2070,0.5497584541062802
06019003807,416,674,1090,0.618348623853211
06019003808,279,1184,1463,0.8092959671907041
06019003809,639,961,1600,0.600625
06019003810,281,1304,1585,0.8227129337539432
06019003900,439,1234,1673,0.7375971309025703
06019004001,593,1593,2186,0.7287282708142726
06019004002,607,1320,1927,0.6850025947067981
06019004100,255,673,928,0.7252155172413793
06019004205,875,1160,2035,0.5700245700245701
06019004207,597,2453,3050,0.8042622950819672
06019004208,407,2039,2446,0.8336058871627147
06019004210,706,774,1480,0.522972972972973
06019004211,483,1752,2235,0.7838926174496644
06019004212,2337,2253,4590,0.49084967320261436
06019004213,455,844,1299,0.6497305619707467
06019004214,374,1523,1897,0.8028465998945704
06019004215,237,1175,1412,0.8321529745042493
06019004216,184,1038,1222,0.8494271685761048
06019004301,333,1436,1769,0.8117580553985303
06019004302,314,1759,2073,0.848528702363724
06019004303,381,1488,1869,0.7961476725521669
06019004404,609,499,1108,0.4503610108303249
06019004405,251,1170,1421,0.8233638282899367
06019004406,1018,1298,2316,0.5604490500863558
06019004408,884,778,1662,0.4681107099879663
06019004409,447,846,1293,0.654292343387471
06019004503,826,1334,2160,0.6175925925925926
06019004504,958,1134,2092,0.5420650095602294
06019004505,1270,854,2124,0.4020715630885122
06019004506,465,1011,1476,0.6849593495934959
06019004601,219,931,1150,0.8095652173913044
06019004602,208,884,1092,0.8095238095238095
06019004701,1087,1262,2349,0.5372498935717327
06019004703,364,862,1226,0.7030995106035889
06019004704,754,893,1647,0.5421979356405586
06019004801,806,780,1586,0.4918032786885246
06019004802,617,884,1501,0.5889407061958695
06019004901,494,977,1471,0.6641740312712441
06019004902,185,542,727,0.7455295735900963
06019005000,474,1048,1522,0.6885676741130092
06019005100,919,1185,2104,0.563212927756654
06019005202,563,555,1118,0.4964221824686941
06019005203,672,926,1598,0.5794743429286608
06019005204,490,877,1367,0.6415508412582297
06019005301,552,1318,1870,0.704812834224599
06019005302,926,982,1908,0.5146750524109015
06019005304,1171,887,2058,0.43100097181729835
06019005305,254,856,1110,0.7711711711711712
06019005403,883,524,1407,0.3724235963041933
06019005405,344,1148,1492,0.7694369973190348
06019005406,233,1204,1437,0.83785664578984
06019005407,349,875,1224,0.7148692810457516
06019005408,252,92,344,0.26744186046511625
06019005409,794,612,1406,0.4352773826458037
06019005410,494,660,1154,0.5719237435008665
06019005503,577,1738,2315,0.750755939524838
06019005504,178,897,1075,0.8344186046511628
06019005505,300,1812,2112,0.8579545454545454
06019005507,608,1659,2267,0.7318041464490516
06019005508,503,1533,2036,0.7529469548133595
06019005509,671,1084,1755,0.6176638176638176
06019005510,1062,1197,2259,0.5298804780876494
06019005512,416,1301,1717,0.7577169481654048
06019005513,187,766,953,0.8037775445960126
06019005514,330,1000,1330,0.7518796992481203
06019005515,140,495,635,0.7795275590551181
06019005516,1076,1651,2727,0.6054272093876054
06019005517,418,2211,2629,0.8410041841004184
06019005518,276,1584,1860,0.8516129032258064
06019005520,106,765,871,0.878300803673938
06019005522,261,1203,1464,0.8217213114754098
06019005524,241,1338,1579,0.8473717542748576
06019005525,68,326,394,0.8274111675126904
06019005602,1064,1184,2248,0.5266903914590747
06019005605,80,453,533,0.849906191369606
06019005606,382,959,1341,0.715137956748695
06019005607,1288,668,1956,0.34151329243353784
06019005608,533,792,1325,0.5977358490566038
06019005701,383,946,1329,0.7118133935289691
06019005702,341,1477,1818,0.8124312431243125
06019005703,236,1506,1742,0.8645235361653272
06019005704,584,1136,1720,0.6604651162790698
06019005801,538,1252,1790,0.69944134078212294
06019005802,198,1291,1489,0.8670248488918737
06019005804,443,1654,2097,0.7887458273724368
06019005805,232,1574,1806,0.8715393133997785
06019005904,267,1604,1871,0.8572955638695885
06019005905,384,2137,2521,0.8476794922649742
06019005906,126,619,745,0.8308724832214766
06019005907,224,799,1023,0.7810361681329423
06019005909,326,1919,2245,0.8547884187082405
06019005911,292,1599,1891,0.8455843469063987
06019005912,250,1758,2008,0.8754980079681275
06019006000,861,2172,3033,0.7161226508407518
06019006100,580,1630,2210,0.7375565610859729
06019006201,214,464,678,0.6843657817109144
06019006202,353,1328,1681,0.7900059488399762
06019006300,495,1896,2391,0.7929736511919699
06019006402,177,890,1067,0.8341143392689785
06019006403,399,1675,2074,0.8076181292189006
06019006404,295,1455,1750,0.8314285714285714
06019006405,379,1615,1994,0.8099297893681043
06019006501,793,909,1702,0.5340775558166863
06019006502,494,805,1299,0.619707467282525
06019006602,579,1003,1582,0.634007585335019
06019006603,230,414,644,0.6428571428571429
06019006604,614,1238,1852,0.6684665226781857
06019006700,460,1701,2161,0.7871355853771402
06019006802,274,756,1030,0.7339805825242719
06019006900,244,644,888,0.7252252252252253
06019007002,478,988,1466,0.6739427012278308
06019007003,502,1726,2228,0.774685816876122
06019007004,455,1368,1823,0.750411409764125
06019007100,584,1466,2050,0.7151219512195122
06019007201,702,2120,2822,0.7512402551381998
06019007202,471,1196,1667,0.7174565086982604
06019007300,285,961,1246,0.7712680577849117
06019007400,273,736,1009,0.7294350842418236
06019007500,335,1162,1497,0.7762191048764195
06019007600,302,1001,1303,0.7682271680736761
06019007700,312,1183,1495,0.7913043478260869
06019007801,223,432,655,0.6595419847328244
06019007802,745,551,1296,0.4251543209876543
06019007902,271,600,871,0.6888633754305397
06019008000,463,1225,1688,0.7257109004739336
06019008100,677,1388,2065,0.6721549636803874
06019008200,578,1203,1781,0.6754632229084784
06019008301,627,868,1495,0.5806020066889632
06019008302,534,1037,1571,0.66008911521324
06019008401,849,1472,2321,0.6342093925032314
06019008402,77,223,300,0.7433333333333333
06019008501,462,724,1186,0.6104553119730185
06019008502,812,1389,2201,0.6310767832803271
06021010100,859,2080,2939,0.7077237155495066
06021010200,421,1370,1791,0.7649357900614182
06021010300,194,604,798,0.7568922305764411
06021010400,991,1722,2713,0.6347217102838186
06021010501,275,935,1210,0.7727272727272727
06021010502,149,485,634,0.7649842271293376
06023000100,1177,817,1994,0.40972918756268806
06023000200,791,1670,2461,0.6785859406745226
06023000300,706,1736,2442,0.7108927108927109
06023000400,413,1158,1571,0.7371101209420751
06023000500,950,925,1875,0.49333333333333335
06023000600,463,1565,2028,0.7716962524654832
06023000700,421,1760,2181,0.8069692801467216
06023000800,680,1526,2206,0.6917497733454215
06023000900,447,1724,2171,0.7941040994933211
06023001000,1428,967,2395,0.40375782881002087
06023001101,914,1839,2753,0.6679985470395932
06023001200,781,1058,1839,0.5753126699293094
06023001300,126,453,579,0.7823834196891192
06023010102,225,748,973,0.7687564234326825
06023010200,238,962,1200,0.8016666666666666
06023010300,334,1032,1366,0.7554904831625183
06023010400,295,1153,1448,0.7962707182320442
06023010501,913,2152,3065,0.702120717781403
06023010502,675,1653,2328,0.7100515463917526
06023010600,125,614,739,0.8308525033829499
06023010700,676,2207,2883,0.7655220256677072
06023010800,576,1195,1771,0.6747600225861096
06023010901,615,1130,1745,0.6475644699140402
06023010902,343,1299,1642,0.7911084043848965
06023011000,492,1341,1833,0.7315875613747954
06023011100,455,1239,1694,0.731404958677686
06023011200,293,1017,1310,0.7763358778625954
06023011500,413,1169,1582,0.7389380530973452
06023011600,433,1110,1543,0.7193778353856124
06023940000,288,774,1062,0.7288135593220338
06025010101,12,18,30,0.6
06025010102,370,756,1126,0.6714031971580817
06025010200,281,458,739,0.6197564276048715
06025010300,59,254,313,0.8115015974440895
06025010400,717,1012,1729,0.5853094274146906
06025010500,721,1227,1948,0.6298767967145791
06025010600,582,1448,2030,0.7133004926108374
06025010700,428,744,1172,0.6348122866894198
06025010800,109,299,408,0.7328431372549019
06025010900,628,1300,1928,0.6742738589211619
06025011000,810,3025,3835,0.788787483702738
06025011100,357,703,1060,0.6632075471698113
06025011201,412,1387,1799,0.7709838799332963
06025011202,900,712,1612,0.44168734491315137
06025011300,808,1844,2652,0.6953242835595776
06025011400,336,665,1001,0.6643356643356644
06025011500,705,848,1553,0.5460399227301996
06025011600,718,1060,1778,0.5961754780652418
06025011700,367,964,1331,0.724267468069121
06025011801,145,1039,1184,0.8775337837837838
06025011802,616,826,1442,0.5728155339805825
06025011803,273,1250,1523,0.8207485226526592
06025011900,704,1786,2490,0.7172690763052209
06025012001,457,433,890,0.48651685393258426
06025012002,493,1740,2233,0.7792207792207793
06025012100,731,1063,1794,0.592530657748049
06025012200,346,1293,1639,0.788895668090299
06025012301,75,298,373,0.7989276139410187
06025012302,505,1847,2352,0.7852891156462585
06025012400,119,249,368,0.6766304347826086
06025940000,137,360,497,0.7243460764587525
06027000100,326,851,1177,0.7230246389124894
06027000200,148,555,703,0.7894736842105263
06027000300,135,838,973,0.8612538540596094
06027000400,1041,1560,2601,0.5997693194925029
06027000500,228,848,1076,0.7881040892193308
06027000800,379,1041,1420,0.7330985915492958
06029000101,1955,2734,4689,0.5830667519727021
06029000102,337,883,1220,0.7237704918032787
06029000200,911,1871,2782,0.6725377426312006
06029000300,656,1120,1776,0.6306306306306306
06029000400,703,888,1591,0.5581395348837209
06029000503,363,2442,2805,0.8705882352941177
06029000504,701,1096,1797,0.6099053978853645
06029000505,310,1087,1397,0.7780959198282033
06029000506,680,472,1152,0.4097222222222222
06029000507,213,1094,1307,0.8370313695485846
06029000600,1390,1104,2494,0.44266238973536487
06029000700,354,1453,1807,0.8040951853901495
06029000800,343,1181,1524,0.7749343832020997
06029000902,352,896,1248,0.717948717948718
06029000903,558,847,1405,0.602846975088968
06029000904,434,998,1432,0.696927374301676
06029000905,186,612,798,0.7669172932330827
06029000906,246,1035,1281,0.8079625292740047
06029000907,138,534,672,0.7946428571428571
06029000908,458,1210,1668,0.7254196642685852
06029000909,161,787,948,0.830168776371308
06029000910,1416,2678,4094,0.6541279921836834
06029001000,531,2285,2816,0.8114346590909091
06029001101,422,1021,1443,0.7075537075537075
06029001102,452,1272,1724,0.7378190255220418
06029001103,418,837,1255,0.6669322709163347
06029001201,192,550,742,0.7412398921832885
06029001202,767,800,1567,0.5105296745373324
06029001300,938,1054,1992,0.5291164658634538
06029001400,1033,1294,2327,0.5560807907176623
06029001500,206,471,677,0.6957163958641064
06029001600,417,308,725,0.42482758620689653
06029001700,584,1132,1716,0.6596736596736597
06029001801,786,1203,1989,0.6048265460030166
06029001802,1071,1135,2206,0.514505893019039
06029001901,357,1005,1362,0.737885462555066
06029001902,670,949,1619,0.5861642989499691
06029002000,1100,1198,2298,0.5213228894691035
06029002100,258,610,868,0.7027649769585254
06029002200,573,876,1449,0.6045548654244306
06029002301,656,2072,2728,0.7595307917888563
06029002302,366,496,862,0.5754060324825986
06029002400,525,1587,2112,0.7514204545454546
06029002500,871,1571,2442,0.6433251433251433
06029002600,246,695,941,0.7385759829968119
06029002700,504,1390,1894,0.73389651531151
06029002804,414,1031,1445,0.7134948096885814
06029002806,514,405,919,0.44069640914036995
06029002807,188,1221,1409,0.8665720369056068
06029002808,763,1844,2607,0.7073264288454162
06029002811,210,1173,1383,0.8481561822125814
06029002812,1021,975,1996,0.48847695390781565
06029002813,962,757,1719,0.44037230948225714
06029002814,742,750,1492,0.5026809651474531
06029002815,536,764,1300,0.5876923076923077
06029002816,573,1218,1791,0.6800670016750419
06029002817,882,865,1747,0.4951345163136806
06029002818,397,956,1353,0.7065779748706578
06029002819,608,1069,1677,0.6374478234943352
06029002820,352,1664,2016,0.8253968253968254
06029002821,353,1183,1536,0.7701822916666666
06029002900,886,1485,2371,0.6263180092787853
06029003000,541,1424,1965,0.7246819338422392
06029003103,242,846,1088,0.7775735294117647
06029003112,663,1105,1768,0.625
06029003113,467,866,1333,0.6496624156039009
06029003114,680,1519,2199,0.690768531150523
06029003115,354,991,1345,0.7368029739776951
06029003121,985,1452,2437,0.595814526056627
06029003122,586,1561,2147,0.7270610153702841
06029003123,1046,4101,5147,0.7967748202836604
06029003124,311,1265,1576,0.8026649746192893
06029003202,1121,3509,4630,0.7578833693304535
06029003203,119,645,764,0.8442408376963351
06029003204,620,2804,3424,0.8189252336448598
06029003205,401,2114,2515,0.8405566600397615
06029003206,956,4587,5543,0.827530218293343
06029003303,153,344,497,0.6921529175050302
06029003304,200,601,801,0.7503121098626716
06029003305,311,1151,1462,0.7872777017783857
06029003306,410,1457,1867,0.7803963577932512
06029003400,365,951,1316,0.7226443768996961
06029003500,994,2193,3187,0.6881079385001568
06029003600,321,1120,1441,0.7772380291464261
06029003700,231,733,964,0.7603734439834025
06029003803,470,2110,2580,0.8178294573643411
06029003804,710,4081,4791,0.8518054685869338
06029003805,424,2412,2836,0.8504936530324401
06029003806,334,1400,1734,0.8073817762399077
06029003807,234,1021,1255,0.8135458167330677
06029003808,401,1051,1452,0.7238292011019284
06029003809,813,3302,4115,0.8024301336573512
06029003810,153,743,896,0.8292410714285714
06029003811,249,712,961,0.740894901144641
06029003812,519,1155,1674,0.6899641577060932
06029003813,355,2267,2622,0.864607170099161
06029003900,44,237,281,0.8434163701067615
06029004000,406,1761,2167,0.8126442085832949
06029004101,440,1263,1703,0.7416324133881386
06029004102,513,880,1393,0.6317300789662599
06029004200,104,298,402,0.7412935323383084
06029004301,611,1667,2278,0.7317822651448639
06029004401,515,1904,2419,0.7871021083092187
06029004402,487,818,1305,0.6268199233716475
06029004500,252,477,729,0.654320987654321
06029004604,483,2495,2978,0.8378106111484218
06029004701,580,1793,2373,0.7555836493889592
06029004702,275,715,990,0.7222222222222222
06029004800,954,1823,2777,0.6564638098667627
06029004901,633,955,1588,0.6013853904282116
06029004902,402,1821,2223,0.8191632928475033
06029005003,414,542,956,0.5669456066945606
06029005004,590,1380,1970,0.700507614213198
06029005103,246,701,947,0.7402323125659979
06029005104,247,1450,1697,0.854449027695934
06029005201,634,1690,2324,0.7271944922547332
06029005203,583,1484,2067,0.717948717948718
06029005204,842,1815,2657,0.6831012420022582
06029005300,384,258,642,0.40186915887850466
06029005401,782,1649,2431,0.6783216783216783
06029005402,379,1500,1879,0.7982969664715274
06029005403,901,2523,3424,0.736857476635514
06029005404,911,1877,2788,0.6732424677187948
06029005501,755,1659,2414,0.6872410936205469
06029005506,471,1517,1988,0.7630784708249497
06029005507,737,1902,2639,0.7207275483137552
06029005508,350,1216,1566,0.776500638569604
06029005600,230,713,943,0.7560975609756098
06029005700,267,460,727,0.6327372764786795
06029005801,429,1775,2204,0.8053539019963702
06029005802,1122,1972,3094,0.6373626373626373
06029005900,604,777,1381,0.5626357711803042
06029006003,651,1486,2137,0.6953673373888629
06029006004,165,412,577,0.7140381282495667
06029006006,282,1160,1442,0.8044382801664355
06029006007,382,1883,2265,0.8313465783664459
06029006008,301,2265,2566,0.88269680436477
06029006100,837,2257,3094,0.7294764059469941
06029006201,202,532,734,0.7247956403269755
06029006202,342,1380,1722,0.8013937282229965
06029006301,268,761,1029,0.7395529640427599
06029006303,461,1012,1473,0.6870332654446707
06029006304,389,675,1064,0.6343984962406015
06029006401,511,1319,1830,0.7207650273224043
06029006403,574,936,1510,0.6198675496688741
06029006404,235,594,829,0.7165259348612787
06029006500,277,655,932,0.7027896995708155
06031000100,187,762,949,0.8029504741833509
06031000200,182,582,764,0.7617801047120419
06031000300,748,855,1603,0.5333749220212103
06031000402,452,1510,1962,0.7696228338430173
06031000403,589,1177,1766,0.6664779161947905
06031000404,1070,2371,3441,0.6890438825922697
06031000405,992,1316,2308,0.5701906412478336
06031000500,321,1245,1566,0.7950191570881227
06031000601,666,2680,3346,0.8009563658099222
06031000602,664,1703,2367,0.719476130122518
06031000701,469,1643,2112,0.7779356060606061
06031000702,349,1269,1618,0.784301606922126
06031000800,418,1095,1513,0.7237276933245208
06031000900,1083,1691,2774,0.6095890410958904
06031001001,485,1268,1753,0.7233314318311466
06031001002,508,815,1323,0.6160241874527589
06031001003,411,1332,1743,0.7641996557659209
06031001100,753,1050,1803,0.5823627287853578
06031001200,177,626,803,0.7795765877957659
06031001300,517,831,1348,0.6164688427299704
06031001401,190,631,821,0.7685749086479903
06031001402,234,435,669,0.6502242152466368
06031001500,477,1057,1534,0.6890482398956975
06031001601,282,769,1051,0.7316841103710752
06031001701,858,1657,2515,0.6588469184890656
06033000100,286,1047,1333,0.7854463615903976
06033000300,435,1125,1560,0.7211538461538461
06033000400,823,1676,2499,0.6706682673069227
06033000501,339,862,1201,0.7177352206494588
06033000502,331,716,1047,0.6838586437440306
06033000600,419,1388,1807,0.7681239623685667
06033000701,563,1242,1805,0.6880886426592798
06033000702,434,906,1340,0.6761194029850747
06033000801,432,746,1178,0.633276740237691
06033000802,538,1045,1583,0.6601389766266582
06033000900,446,2235,2681,0.8336441626258858
06033001000,765,1554,2319,0.6701164294954722
06033001100,247,1090,1337,0.8152580403889305
06033001200,347,948,1295,0.7320463320463321
06033001300,528,2147,2675,0.8026168224299065
06035040100,108,559,667,0.8380809595202399
06035040200,265,1022,1287,0.7940947940947941
06035040302,267,1380,1647,0.8378870673952641
06035040303,381,699,1080,0.6472222222222223
06035040304,236,418,654,0.6391437308868502
06035040305,305,930,1235,0.7530364372469636
06035040400,78,402,480,0.8375
06035040500,292,1037,1329,0.780285929270128
06035040600,245,656,901,0.7280799112097669
06037101110,544,1031,1575,0.6546031746031746
06037101122,163,1149,1312,0.8757621951219512
06037101210,1475,822,2297,0.35785807575097955
06037101220,578,779,1357,0.5740604274134119
06037101300,232,1213,1445,0.8394463667820069
06037101400,289,1066,1355,0.7867158671586716
06037102103,159,533,692,0.7702312138728323
06037102104,370,860,1230,0.6991869918699187
06037102105,158,401,559,0.7173524150268337
06037102107,320,1025,1345,0.7620817843866171
06037103101,128,769,897,0.8573021181716833
06037103102,376,1247,1623,0.7683302526186075
06037103200,634,1592,2226,0.7151841868823001
06037103300,186,1102,1288,0.8555900621118012
06037103400,754,1707,2461,0.6936204794798863
06037104103,143,706,849,0.8315665488810365
06037104105,756,890,1646,0.5407047387606319
06037104108,689,770,1459,0.5277587388622345
06037104124,279,953,1232,0.773538961038961
06037104201,200,741,941,0.7874601487778958
06037104203,415,754,1169,0.6449957228400343
06037104204,248,516,764,0.675392670157068
06037104310,145,704,849,0.8292108362779741
06037104320,389,942,1331,0.7077385424492862
06037104401,143,521,664,0.7846385542168675
06037104403,130,535,665,0.8045112781954887
06037104404,211,467,678,0.6887905604719764
06037104500,125,500,625,0.8
06037104610,162,541,703,0.7695590327169275
06037104620,113,548,661,0.8290468986384266
06037104701,472,454,926,0.490280777537797
06037104703,259,313,572,0.5472027972027972
06037104704,507,692,1199,0.5771476230191827
06037104810,216,879,1095,0.8027397260273973
06037104821,264,531,795,0.6679245283018868
06037104822,302,323,625,0.5168
06037106010,194,765,959,0.7977059436913452
06037106020,227,1224,1451,0.8435561681598898
06037106111,235,1063,1298,0.8189522342064715
06037106112,245,1202,1447,0.8306841741534209
06037106113,179,803,982,0.8177189409368636
06037106114,756,838,1594,0.5257214554579673
06037106403,124,704,828,0.8502415458937198
06037106405,516,668,1184,0.5641891891891891
06037106406,456,1204,1660,0.7253012048192771
06037106407,570,343,913,0.37568455640744797
06037106408,631,325,956,0.3399581589958159
06037106510,514,1121,1635,0.6856269113149847
06037106520,324,1109,1433,0.7739009071877181
06037106603,136,854,990,0.8626262626262626
06037106604,459,771,1230,0.6268292682926829
06037106641,90,704,794,0.8866498740554156
06037106642,144,890,1034,0.8607350096711799
06037106643,168,1187,1355,0.8760147601476015
06037106645,141,994,1135,0.8757709251101321
06037106646,113,854,967,0.8831437435367114
06037106648,461,623,1084,0.5747232472324724
06037106649,94,603,697,0.8651362984218077
06037107010,128,607,735,0.8258503401360544
06037107020,243,986,1229,0.8022782750203418
06037108101,112,665,777,0.8558558558558559
06037108102,262,955,1217,0.7847165160230074
06037108103,139,877,1016,0.8631889763779528
06037108104,91,479,570,0.8403508771929824
06037108201,330,1517,1847,0.8213318895506226
06037108202,748,1975,2723,0.7253029746603011
06037109100,181,591,772,0.7655440414507773
06037109200,237,707,944,0.7489406779661016
06037109300,123,797,920,0.866304347826087
06037109400,287,826,1113,0.7421383647798742
06037109500,282,756,1038,0.7283236994219653
06037109601,196,1085,1281,0.8469945355191257
06037109603,494,820,1314,0.624048706240487
06037109604,206,712,918,0.775599128540305
06037109700,276,1090,1366,0.7979502196193266
06037109800,314,1137,1451,0.7835975189524466
06037111100,192,749,941,0.79596174282678
06037111201,167,954,1121,0.8510258697591436
06037111202,384,1379,1763,0.7821894498014748
06037111204,224,1732,1956,0.885480572597137
06037111205,537,790,1327,0.5953278070836473
06037111206,197,1306,1503,0.8689288090485695
06037111301,1443,1330,2773,0.47962495492246665
06037111302,769,1032,1801,0.5730149916712938
06037111400,1375,1513,2888,0.5238919667590027
06037113101,196,916,1112,0.8237410071942446
06037113102,125,856,981,0.872579001019368
06037113211,532,1146,1678,0.6829558998808105
06037113212,371,713,1084,0.6577490774907749
06037113213,601,1094,1695,0.6454277286135693
06037113231,151,665,816,0.8149509803921569
06037113232,193,1206,1399,0.8620443173695497
06037113233,1550,984,2534,0.388318863456985
06037113234,719,789,1508,0.523209549071618
06037113235,196,515,711,0.7243319268635724
06037113237,528,930,1458,0.6378600823045267
06037113301,592,695,1287,0.54001554001554
06037113303,267,1140,1407,0.8102345415778252
06037113321,1553,991,2544,0.3895440251572327
06037113322,326,1123,1449,0.7750172532781229
06037113401,529,1443,1972,0.7317444219066938
06037113421,1349,778,2127,0.36577338975082274
06037113422,854,1247,2101,0.5935268919562113
06037115101,199,1457,1656,0.8798309178743962
06037115103,22,6,28,0.21428571428571427
06037115104,1218,697,1915,0.3639686684073107
06037115201,1515,1166,2681,0.4349123461395002
06037115202,797,1116,1913,0.5833768949294302
06037115301,588,1065,1653,0.6442831215970962
06037115302,533,523,1056,0.4952651515151515
06037115401,947,986,1933,0.5100879461976203
06037115403,528,510,1038,0.4913294797687861
06037115404,294,566,860,0.6581395348837209
06037117101,463,1002,1465,0.6839590443686007
06037117102,258,544,802,0.6783042394014963
06037117201,682,557,1239,0.4495560936238902
06037117202,151,663,814,0.8144963144963145
06037117301,177,1012,1189,0.8511354079058032
06037117302,385,1343,1728,0.7771990740740741
06037117303,140,909,1049,0.8665395614871306
06037117404,298,1064,1362,0.7812041116005873
06037117405,605,271,876,0.3093607305936073
06037117407,704,255,959,0.2659019812304484
06037117408,561,297,858,0.34615384615384615
06037117510,636,332,968,0.34297520661157027
06037117520,738,339,1077,0.3147632311977716
06037117530,1059,590,1649,0.35779260157671317
06037119001,175,819,994,0.823943661971831
06037119002,380,1356,1736,0.7811059907834101
06037119201,141,741,882,0.8401360544217688
06037119202,289,767,1056,0.7263257575757576
06037119310,649,585,1234,0.4740680713128039
06037119320,715,520,1235,0.42105263157894735
06037119340,754,273,1027,0.26582278481012656
06037119341,393,429,822,0.5218978102189781
06037119342,468,290,758,0.38258575197889183
06037119400,185,975,1160,0.8405172413793104
06037119700,237,1065,1302,0.8179723502304147
06037119800,310,1176,1486,0.7913862718707941
06037119900,212,1030,1242,0.8293075684380032
06037120010,276,471,747,0.6305220883534136
06037120020,791,377,1168,0.3227739726027397
06037120030,508,226,734,0.3079019073569482
06037120103,636,212,848,0.25
06037120104,500,272,772,0.35233160621761656
06037120105,421,447,868,0.5149769585253456
06037120106,814,391,1205,0.3244813278008299
06037120107,771,337,1108,0.30415162454873645
06037120108,925,431,1356,0.31784660766961653
06037120300,306,1043,1349,0.7731653076352853
06037120400,1116,941,2057,0.4574623237724842
06037121010,314,984,1298,0.7580893682588598
06037121020,354,731,1085,0.6737327188940092
06037121101,464,463,927,0.4994606256742179
06037121102,180,631,811,0.7780517879161529
06037121210,211,555,766,0.7245430809399478
06037121221,115,402,517,0.7775628626692457
06037121222,613,605,1218,0.4967159277504105
06037121600,124,732,856,0.8551401869158879
06037121801,612,531,1143,0.4645669291338583
06037121802,122,587,709,0.8279266572637518
06037121900,282,709,991,0.715438950554995
06037122000,410,1158,1568,0.7385204081632653
06037122120,424,662,1086,0.6095764272559853
06037122121,296,424,720,0.5888888888888889
06037122122,352,287,639,0.4491392801251956
06037122200,251,639,890,0.7179775280898877
06037122410,780,391,1171,0.3339026473099915
06037122420,718,687,1405,0.4889679715302491
06037123010,482,575,1057,0.5439924314096499
06037123020,224,607,831,0.7304452466907341
06037123103,814,717,1531,0.4683213585891574
06037123104,826,699,1525,0.4583606557377049
06037123203,762,403,1165,0.3459227467811159
06037123204,652,359,1011,0.35509396636993074
06037123205,440,309,749,0.41255006675567424
06037123206,527,319,846,0.37706855791962174
06037123301,749,799,1548,0.5161498708010336
06037123303,443,494,937,0.5272145144076841
06037123304,1034,667,1701,0.3921222810111699
06037123410,754,508,1262,0.40253565768621236
06037123420,714,736,1450,0.5075862068965518
06037123510,932,728,1660,0.43855421686746987
06037123520,399,455,854,0.5327868852459017
06037123601,989,896,1885,0.4753315649867374
06037123602,589,761,1350,0.5637037037037037
06037123700,523,917,1440,0.6368055555555555
06037123800,1260,1136,2396,0.4741235392320534
06037123901,719,802,1521,0.5272846811308349
06037123902,551,523,1074,0.48696461824953446
06037124000,933,1184,2117,0.5592820028341994
06037124102,748,614,1362,0.45080763582966227
06037124103,280,331,611,0.5417348608837971
06037124104,647,349,996,0.35040160642570284
06037124105,589,340,929,0.36598493003229277
06037124201,454,687,1141,0.6021034180543383
06037124203,381,433,814,0.5319410319410319
06037124204,548,381,929,0.4101184068891281
06037124300,556,594,1150,0.5165217391304348
06037124400,941,827,1768,0.4677601809954751
06037124500,485,683,1168,0.5847602739726028
06037124600,601,709,1310,0.5412213740458015
06037124700,1274,1200,2474,0.4850444624090542
06037124902,1057,477,1534,0.3109517601043025
06037124903,1077,431,1508,0.28580901856763924
06037125100,1839,1013,2852,0.35518934081346426
06037125200,842,811,1653,0.4906231094978826
06037125310,1235,738,1973,0.3740496705524582
06037125320,1919,834,2753,0.30294224482382853
06037125401,1850,708,2558,0.2767787333854574
06037125402,1254,786,2040,0.38529411764705884
06037125501,1068,559,1627,0.3435771358328211
06037125502,1127,716,1843,0.38849701573521433
06037125600,457,728,1185,0.6143459915611814
06037127102,1009,657,1666,0.3943577430972389
06037127103,701,398,1099,0.362147406733394
06037127104,687,611,1298,0.4707241910631741
06037127210,1143,762,1905,0.4
06037127220,1037,696,1733,0.40161569532602426
06037127300,718,657,1375,0.4778181818181818
06037127400,1079,786,1865,0.42144772117962465
06037127520,1125,374,1499,0.2494996664442962
06037127603,573,364,937,0.38847385272145146
06037127604,800,403,1203,0.3349958437240233
06037127605,768,402,1170,0.3435897435897436
06037127606,576,574,1150,0.4991304347826087
06037127711,579,609,1188,0.5126262626262627
06037127712,1011,569,1580,0.360126582278481
06037127803,964,706,1670,0.4227544910179641
06037127804,955,691,1646,0.4198055893074119
06037127805,646,552,1198,0.4607679465776294
06037127806,697,501,1198,0.41819699499165275
06037127910,899,547,1446,0.37828492392807744
06037127920,626,719,1345,0.5345724907063197
06037128101,620,651,1271,0.5121951219512195
06037128102,907,578,1485,0.38922558922558925
06037128210,1118,437,1555,0.2810289389067524
06037128220,570,634,1204,0.526578073089701
06037128302,968,530,1498,0.3538050734312417
06037128303,794,366,1160,0.31551724137931036
06037128400,699,1025,1724,0.5945475638051044
06037128500,1141,851,1992,0.42720883534136544
06037128601,949,679,1628,0.41707616707616707
06037128602,589,809,1398,0.5786838340486409
06037128702,1506,1225,2731,0.44855364335408276
06037128801,1217,601,1818,0.33058305830583057
06037128802,1105,917,2022,0.45351137487636006
06037128910,878,1076,1954,0.5506653019447287
06037131010,1262,737,1999,0.36868434217108553
06037131020,577,1120,1697,0.6599882144961697
06037131100,147,893,1040,0.8586538461538461
06037131200,299,913,1212,0.7533003300330033
06037131300,223,993,1216,0.8166118421052632
06037131400,825,1110,1935,0.5736434108527132
06037131600,301,1149,1450,0.7924137931034483
06037131701,984,844,1828,0.4617067833698031
06037131702,343,780,1123,0.6945681211041852
06037131800,713,925,1638,0.5647130647130647
06037131900,243,1143,1386,0.8246753246753247
06037132001,390,772,1162,0.6643717728055077
06037132002,265,847,1112,0.7616906474820144
06037132101,794,785,1579,0.49715009499683344
06037132102,1028,1129,2157,0.5234121464997682
06037132300,1386,1120,2506,0.44692737430167595
06037132501,485,708,1193,0.5934618608549874
06037132502,736,629,1365,0.4608058608058608
06037132700,632,960,1592,0.6030150753768844
06037132900,384,959,1343,0.7140729709605361
06037133000,337,977,1314,0.743531202435312
06037133100,921,1103,2024,0.5449604743083004
06037134001,495,487,982,0.4959266802443992
06037134002,450,634,1084,0.584870848708487
06037134101,450,1000,1450,0.6896551724137931
06037134103,469,877,1346,0.6515601783060921
06037134104,770,670,1440,0.4652777777777778
06037134201,289,964,1253,0.7693535514764565
06037134302,177,1084,1261,0.8596352101506741
06037134303,554,1270,1824,0.6962719298245614
06037134304,214,712,926,0.7688984881209503
06037134305,872,258,1130,0.22831858407079647
06037134306,839,485,1324,0.36631419939577037
06037134421,167,1219,1386,0.8795093795093795
06037134422,260,1330,1590,0.8364779874213837
06037134423,259,1038,1297,0.8003084040092521
06037134424,98,869,967,0.8986556359875905
06037134520,1235,644,1879,0.3427354976051091
06037134521,485,306,791,0.3868520859671302
06037134522,861,538,1399,0.38456040028591854
06037134710,1014,631,1645,0.38358662613981764
06037134720,752,905,1657,0.5461677730838865
06037134800,399,1485,1884,0.7882165605095541
06037134901,321,800,1121,0.7136485280999108
06037134903,2040,724,2764,0.2619392185238784
06037134904,564,805,1369,0.5880204528853178
06037134905,1732,702,2434,0.28841413311421527
06037135102,226,984,1210,0.8132231404958677
06037135111,344,790,1134,0.6966490299823633
06037135113,1001,404,1405,0.2875444839857651
06037135114,1854,892,2746,0.32483612527312455
06037135201,198,699,897,0.7792642140468228
06037135202,207,1276,1483,0.8604180714767363
06037135203,396,2149,2545,0.8444007858546169
06037137000,309,1413,1722,0.8205574912891986
06037137103,1552,843,2395,0.35198329853862215
06037137104,182,830,1012,0.8201581027667985
06037137201,1064,1220,2284,0.5341506129597198
06037137301,86,679,765,0.8875816993464052
06037137302,215,1387,1602,0.865792759051186
06037137401,350,1262,1612,0.78287841191067
06037137402,537,1536,2073,0.7409551374819102
06037137501,941,991,1932,0.5129399585921325
06037137502,465,1348,1813,0.7435190292333149
06037137504,103,596,699,0.8526466380543634
06037138000,292,1507,1799,0.8376876042245692
06037139001,908,1327,2235,0.5937360178970917
06037139200,942,1156,2098,0.5510009532888466
06037139301,257,1322,1579,0.8372387587080431
06037139302,1420,556,1976,0.2813765182186235
06037139303,1343,629,1972,0.31896551724137934
06037139401,806,507,1313,0.38613861386138615
06037139402,132,827,959,0.862356621480709
06037139502,312,778,1090,0.7137614678899082
06037139503,1998,751,2749,0.27319025100036376
06037139504,1263,538,1801,0.29872293170460856
06037139600,1181,1021,2202,0.463669391462307
06037139701,460,1488,1948,0.7638603696098563
06037139702,259,1970,2229,0.8838043965903993
06037139703,133,832,965,0.8621761658031089
06037139801,150,1141,1291,0.8838109992254066
06037139802,199,1194,1393,0.8571428571428571
06037141101,1372,794,2166,0.36657433056325023
06037141102,733,624,1357,0.45983787767133383
06037141201,1477,646,2123,0.3042863871879416
06037141202,833,565,1398,0.4041487839771102
06037141302,1801,1177,2978,0.39523169912693085
06037141303,1301,478,1779,0.268690275435638
06037141304,777,642,1419,0.452431289640592
06037141400,905,1111,2016,0.5510912698412699
06037141500,124,963,1087,0.8859245630174793
06037141600,219,1392,1611,0.8640595903165735
06037141700,162,1059,1221,0.8673218673218673
06037143100,1373,875,2248,0.38923487544483987
06037143200,1269,799,2068,0.38636363636363635
06037143300,1738,1427,3165,0.45086887835703
06037143400,1509,1527,3036,0.5029644268774703
06037143500,1093,1204,2297,0.5241619503700479
06037143602,1194,988,2182,0.45279560036663613
06037143603,820,534,1354,0.39438700147710487
06037143604,1530,557,2087,0.26689027311931
06037143700,508,1317,1825,0.7216438356164384
06037143800,903,1492,2395,0.622964509394572
06037143901,211,1295,1506,0.8598937583001328
06037143902,592,703,1295,0.5428571428571428
06037181000,518,1665,2183,0.7627118644067796
06037181300,342,985,1327,0.7422758100979653
06037181400,868,777,1645,0.4723404255319149
06037181500,280,1148,1428,0.803921568627451
06037181600,376,653,1029,0.6345966958211856
06037183101,378,965,1343,0.7185405807892777
06037183103,822,681,1503,0.4530938123752495
06037183104,237,530,767,0.6910039113428944
06037183220,444,761,1205,0.6315352697095435
06037183221,451,632,1083,0.5835641735918744
06037183222,408,931,1339,0.6952949962658701
06037183300,323,697,1020,0.6833333333333333
06037183401,276,568,844,0.6729857819905213
06037183402,413,542,955,0.5675392670157068
06037183510,175,608,783,0.776500638569604
06037183520,602,535,1137,0.47053649956024624
06037183610,481,513,994,0.5160965794768612
06037183620,355,639,994,0.6428571428571429
06037183701,731,607,1338,0.45366218236173395
06037183702,445,609,1054,0.5777988614800759
06037183810,755,547,1302,0.4201228878648233
06037183820,695,445,1140,0.39035087719298245
06037185100,603,1630,2233,0.7299596954769368
06037185202,468,892,1360,0.6558823529411765
06037185203,355,634,989,0.641051567239636
06037185204,129,572,701,0.8159771754636234
06037185310,319,537,856,0.6273364485981309
06037185320,296,559,855,0.6538011695906433
06037186100,532,1321,1853,0.7128980032379925
06037186201,714,463,1177,0.3933729821580289
06037186202,265,446,711,0.6272855133614628
06037186203,183,933,1116,0.8360215053763441
06037186301,460,429,889,0.48256467941507314
06037186302,561,1288,1849,0.6965927528393726
06037186401,563,438,1001,0.43756243756243757
06037186403,328,507,835,0.6071856287425149
06037186404,326,446,772,0.5777202072538861
06037187101,410,818,1228,0.6661237785016286
06037187102,566,813,1379,0.5895576504713561
06037187200,354,579,933,0.6205787781350482
06037187300,608,907,1515,0.5986798679867987
06037188100,869,851,1720,0.4947674418604651
06037188201,1180,631,1811,0.3484262838210933
06037188202,502,669,1171,0.5713065755764304
06037188300,400,990,1390,0.7122302158273381
06037189101,860,456,1316,0.3465045592705167
06037189102,1270,664,1934,0.34332988624612204
06037189201,1372,571,1943,0.2938754503345342
06037189202,470,683,1153,0.5923677363399826
06037189300,231,1084,1315,0.8243346007604563
06037189400,532,1096,1628,0.6732186732186732
06037189500,1847,819,2666,0.30720180045011253
06037189600,1037,962,1999,0.4812406203101551
06037189701,805,938,1743,0.5381526104417671
06037189702,647,654,1301,0.5026902382782475
06037189800,1434,852,2286,0.37270341207349084
06037189902,2236,812,3048,0.2664041994750656
06037189903,1125,388,1513,0.25644415069398546
06037189904,1116,389,1505,0.2584717607973422
06037189905,1025,440,1465,0.3003412969283277
06037190100,1974,680,2654,0.2562170308967596
06037190201,957,322,1279,0.2517591868647381
06037190202,1695,612,2307,0.26527958387516254
06037190301,1972,831,2803,0.2964680699250803
06037190401,1336,420,1756,0.23917995444191345
06037190402,989,377,1366,0.2759882869692533
06037190510,1275,437,1712,0.2552570093457944
06037190520,1135,469,1604,0.29239401496259354
06037190700,1142,563,1705,0.33020527859237536
06037190801,907,366,1273,0.2875098193244305
06037190802,899,471,1370,0.3437956204379562
06037190901,971,443,1414,0.3132956152758133
06037190902,1099,419,1518,0.27602108036890644
06037191000,1748,641,2389,0.26831310171619926
06037191110,707,325,1032,0.31492248062015504
06037191120,1030,541,1571,0.3443666454487588
06037191201,1105,524,1629,0.32166973603437693
06037191203,819,347,1166,0.29759862778730706
06037191204,511,349,860,0.40581395348837207
06037191301,601,339,940,0.3606382978723404
06037191302,554,308,862,0.35730858468677495
06037191410,1128,499,1627,0.30669944683466505
06037191420,768,416,1184,0.35135135135135137
06037191500,1079,710,1789,0.39686975964225824
06037191610,961,472,1433,0.32937892533147245
06037191620,738,339,1077,0.3147632311977716
06037191710,844,400,1244,0.3215434083601286
06037191720,824,373,1197,0.3116123642439432
06037191810,844,415,1259,0.329626687847498
06037191820,1027,422,1449,0.2912353347135956
06037191901,1252,488,1740,0.28045977011494255
06037191902,735,676,1411,0.47909284195605956
06037192001,713,436,1149,0.37946040034812883
06037192002,511,733,1244,0.5892282958199357
06037192300,835,540,1375,0.3927272727272727
06037192410,904,815,1719,0.4741128563118092
06037192420,915,478,1393,0.3431442928930366
06037192510,713,528,1241,0.4254633360193392
06037192520,1042,516,1558,0.33119383825417203
06037192610,918,408,1326,0.3076923076923077
06037192620,826,311,1137,0.27352682497801234
06037192700,657,370,1027,0.3602726387536514
06037194101,851,780,1631,0.47823421213979156
06037194102,354,1177,1531,0.7687785760940562
06037194200,282,1181,1463,0.8072453861927547
06037194300,316,1135,1451,0.7822191592005513
06037194401,761,473,1234,0.3833063209076175
06037194402,1351,677,2028,0.3338264299802761
06037194500,412,532,944,0.5635593220338984
06037195100,646,1419,2065,0.6871670702179177
06037195201,1051,594,1645,0.36109422492401216
06037195202,462,949,1411,0.6725726435152374
06037195300,789,630,1419,0.4439746300211416
06037195400,940,1289,2229,0.5782862270076268
06037195500,866,1534,2400,0.6391666666666667
06037195600,596,660,1256,0.5254777070063694
06037195710,865,502,1367,0.3672275054864667
06037195720,492,366,858,0.42657342657342656
06037195802,513,425,938,0.453091684434968
06037195803,610,546,1156,0.47231833910034604
06037195804,541,470,1011,0.4648862512363996
06037195901,664,400,1064,0.37593984962406013
06037195902,550,455,1005,0.4527363184079602
06037195903,499,412,911,0.4522502744237102
06037197200,408,783,1191,0.6574307304785895
06037197300,894,892,1786,0.49944008958566627
06037197410,565,1157,1722,0.6718931475029036
06037197420,617,730,1347,0.5419450631031922
06037197500,873,694,1567,0.44288449266113594
06037197600,520,390,910,0.42857142857142855
06037197700,1353,690,2043,0.3377386196769457
06037199000,958,682,1640,0.41585365853658535
06037199110,203,534,737,0.7245590230664858
06037199120,674,441,1115,0.3955156950672646
06037199201,661,428,1089,0.39302112029384756
06037199202,324,599,923,0.6489707475622969
06037199300,372,943,1315,0.7171102661596959
06037199400,610,755,1365,0.5531135531135531
06037199700,568,563,1131,0.497789566755084
06037199800,609,954,1563,0.6103646833013435
06037199900,381,397,778,0.5102827763496144
06037201110,164,540,704,0.7670454545454546
06037201120,560,728,1288,0.5652173913043478
06037201200,268,489,757,0.6459709379128138
06037201301,399,710,1109,0.6402164111812444
06037201302,1189,696,1885,0.36923076923076925
06037201401,530,844,1374,0.6142649199417758
06037201402,431,1019,1450,0.7027586206896552
06037201501,594,920,1514,0.607661822985469
06037201503,469,496,965,0.5139896373056995
06037201504,198,433,631,0.6862123613312203
06037201601,240,473,713,0.6633941093969145
06037201602,204,624,828,0.7536231884057971
06037201700,538,828,1366,0.6061493411420205
06037203100,723,516,1239,0.41646489104116224
06037203200,594,727,1321,0.5503406510219531
06037203300,227,178,405,0.43950617283950616
06037203500,484,452,936,0.4829059829059829
06037203600,733,658,1391,0.47304097771387493
06037203710,348,451,799,0.5644555694618273
06037203720,560,494,1054,0.4686907020872865
06037203800,362,781,1143,0.6832895888013998
06037203900,204,514,718,0.7158774373259053
06037204110,292,509,801,0.6354556803995006
06037204120,279,474,753,0.6294820717131474
06037204200,481,481,962,0.5
06037204300,563,739,1302,0.5675883256528418
06037204410,298,329,627,0.5247208931419458
06037204420,587,357,944,0.3781779661016949
06037204600,578,630,1208,0.5215231788079471
06037204700,360,907,1267,0.7158642462509865
06037204810,521,724,1245,0.5815261044176707
06037204820,162,350,512,0.68359375
06037204910,438,506,944,0.5360169491525424
06037204920,185,488,673,0.725111441307578
06037205110,649,208,857,0.2427071178529755
06037205120,583,394,977,0.4032753326509724
06037206010,867,391,1258,0.3108108108108108
06037206020,212,85,297,0.28619528619528617
06037206031,1800,669,2469,0.2709599027946537
06037206032,1135,633,1768,0.3580316742081448
06037206050,567,238,805,0.2956521739130435
06037206200,1720,687,2407,0.28541753219775656
06037206300,1814,619,2433,0.2544184134812988
06037207101,1306,452,1758,0.2571103526734926
06037207102,963,366,1329,0.27539503386004516
06037207103,693,268,961,0.27887617065556713
06037207301,2629,979,3608,0.27134146341463417
06037207302,2538,863,3401,0.2537488973831226
06037207400,278,96,374,0.25668449197860965
06037207501,1063,332,1395,0.23799283154121864
06037207502,1621,575,2196,0.26183970856102
06037207710,2433,826,3259,0.2534519791347039
06037207900,3047,1157,4204,0.2752140818268316
06037208000,1822,833,2655,0.31374764595103577
06037208301,396,160,556,0.28776978417266186
06037208302,1136,525,1661,0.3160746538229982
06037208401,1090,425,1515,0.28052805280528054
06037208402,466,361,827,0.4365175332527207
06037208501,502,312,814,0.3832923832923833
06037208502,965,360,1325,0.27169811320754716
06037208610,971,499,1470,0.33945578231292517
06037208620,1178,516,1694,0.30460448642266824
06037208710,1523,520,2043,0.2545276554087127
06037208720,1168,422,1590,0.26540880503144654
06037208801,970,343,1313,0.26123381568926124
06037208802,1066,378,1444,0.26177285318559557
06037208902,510,175,685,0.25547445255474455
06037208903,859,305,1164,0.2620274914089347
06037208904,936,355,1291,0.2749806351665376
06037209102,1604,551,2155,0.2556844547563805
06037209103,796,308,1104,0.27898550724637683
06037209104,692,245,937,0.26147278548559233
06037209200,1611,601,2212,0.2716998191681736
06037209300,1473,519,1992,0.2605421686746988
06037209401,1158,431,1589,0.2712397734424166
06037209402,903,327,1230,0.2658536585365854
06037209403,1009,395,1404,0.2813390313390313
06037209510,698,302,1000,0.302
06037209520,701,238,939,0.2534611288604899
06037209810,532,181,713,0.2538569424964937
06037209820,520,303,823,0.36816524908869985
06037210010,836,391,1227,0.3186634066829666
06037211000,721,1227,1948,0.6298767967145791
06037211120,1883,664,2547,0.2606988614055752
06037211121,614,230,844,0.2725118483412322
06037211122,873,360,1233,0.291970802919708
06037211201,645,224,869,0.25776754890678943
06037211202,651,229,880,0.26022727272727275
06037211310,899,321,1220,0.26311475409836066
06037211320,949,337,1286,0.2620528771384137
06037211410,776,331,1107,0.2990063233965673
06037211420,825,512,1337,0.38294689603590126
06037211500,892,769,1661,0.4629741119807345
06037211701,602,423,1025,0.41268292682926827
06037211703,1549,565,2114,0.2672658467360454
06037211704,1175,437,1612,0.27109181141439204
06037211802,1588,552,2140,0.25794392523364484
06037211803,1143,357,1500,0.238
06037211804,968,352,1320,0.26666666666666666
06037211910,1308,427,1735,0.24610951008645532
06037211921,763,248,1011,0.24530168150346193
06037211922,983,318,1301,0.2444273635664873
06037212101,1088,379,1467,0.25835037491479207
06037212102,900,296,1196,0.24749163879598662
06037212202,869,322,1191,0.2703610411418976
06037212203,1147,417,1564,0.2666240409207161
06037212204,1019,298,1317,0.22627182991647685
06037212303,1138,391,1529,0.25572269457161545
06037212304,613,194,807,0.24039653035935563
06037212305,754,294,1048,0.28053435114503816
06037212306,897,315,1212,0.2599009900990099
06037212410,1235,441,1676,0.26312649164677804
06037212420,927,312,1239,0.25181598062953997
06037212501,725,250,975,0.2564102564102564
06037212502,950,339,1289,0.2629945694336695
06037212610,1254,569,1823,0.31212287438288533
06037212620,1302,505,1807,0.27946873270614275
06037212701,399,413,812,0.5086206896551724
06037212702,780,681,1461,0.46611909650924027
06037212800,630,799,1429,0.5591322603219034
06037212900,1103,445,1548,0.2874677002583979
06037213100,573,381,954,0.39937106918238996
06037213201,1060,447,1507,0.2966157929661579
06037213202,754,533,1287,0.41414141414141414
06037213310,725,333,1058,0.31474480151228734
06037213320,677,383,1060,0.3613207547169811
06037213401,1252,444,1696,0.2617924528301887
06037213402,1190,429,1619,0.2649783817171093
06037214000,459,905,1364,0.6634897360703812
06037214100,865,762,1627,0.4683466502765827
06037214400,1245,422,1667,0.2531493701259748
06037214501,974,430,1404,0.30626780626780625
06037214502,1808,710,2518,0.2819698173153296
06037214503,1124,392,1516,0.25857519788918204
06037214600,791,528,1319,0.400303260045489
06037214700,576,584,1160,0.503448275862069
06037214800,832,564,1396,0.4040114613180516
06037214901,1468,554,2022,0.27398615232443124
06037214902,1111,423,1534,0.2757496740547588
06037215101,1305,403,1708,0.23594847775175645
06037215102,1476,519,1995,0.26015037593984963
06037216100,445,532,977,0.5445240532241555
06037216200,1845,966,2811,0.343649946638207
06037216300,1268,833,2101,0.3964778676820562
06037216401,1311,496,1807,0.27448810182623135
06037216402,930,336,1266,0.26540284360189575
06037216700,921,707,1628,0.4342751842751843
06037216800,731,596,1327,0.44913338357196686
06037216900,1176,1295,2471,0.5240793201133145
06037217001,428,516,944,0.5466101694915254
06037217002,1225,800,2025,0.3950617283950617
06037217100,1427,1006,2433,0.4134812988080559
06037217200,1041,567,1608,0.35261194029850745
06037218110,619,475,1094,0.43418647166361973
06037218120,798,565,1363,0.4145267791636097
06037218210,701,492,1193,0.4124056999161777
06037218220,740,721,1461,0.4934976043805613
06037218300,1192,935,2127,0.4395862717442407
06037218400,723,682,1405,0.48540925266903917
06037218500,499,492,991,0.496468213925328
06037218600,589,509,1098,0.46357012750455373
06037218701,437,442,879,0.502844141069397
06037218702,503,333,836,0.39832535885167464
06037218800,526,441,967,0.4560496380558428
06037218900,1256,884,2140,0.4130841121495327
06037219010,346,573,919,0.6235038084874864
06037219020,478,984,1462,0.6730506155950753
06037219300,818,662,1480,0.4472972972972973
06037219500,192,587,779,0.7535301668806161
06037219700,544,833,1377,0.6049382716049383
06037219800,506,476,982,0.4847250509164969
06037219901,798,632,1430,0.44195804195804195
06037219902,537,682,1219,0.5594749794913864
06037220000,1024,958,1982,0.48335015136226034
06037220100,433,556,989,0.5621840242669363
06037221110,646,368,1014,0.3629191321499014
06037221120,524,313,837,0.3739545997610514
06037221210,470,404,874,0.4622425629290618
06037221220,614,394,1008,0.39087301587301587
06037221302,866,452,1318,0.34294385432473445
06037221303,520,234,754,0.3103448275862069
06037221304,801,338,1139,0.2967515364354697
06037221401,769,468,1237,0.37833468067906223
06037221402,507,389,896,0.4341517857142857
06037221500,671,466,1137,0.4098504837291117
06037221601,524,430,954,0.45073375262054505
06037221602,564,378,942,0.4012738853503185
06037221710,504,455,959,0.4744525547445255
06037221810,563,357,920,0.38804347826086955
06037221820,637,277,914,0.30306345733041573
06037221900,549,353,902,0.39135254988913526
06037222001,290,638,928,0.6875
06037222002,486,865,1351,0.6402664692820134
06037222100,572,636,1208,0.5264900662251656
06037222200,696,500,1196,0.4180602006688963
06037222500,476,784,1260,0.6222222222222222
06037222600,879,805,1684,0.47802850356294535
06037222700,100,35,135,0.25925925925925924
06037224010,1130,403,1533,0.2628832354859752
06037224020,652,291,943,0.30858960763520676
06037224200,471,266,737,0.36092265943012214
06037224310,463,197,660,0.29848484848484846
06037224320,763,362,1125,0.3217777777777778
06037224410,607,483,1090,0.44311926605504587
06037224420,527,226,753,0.300132802124834
06037224600,497,322,819,0.39316239316239315
06037224700,664,285,949,0.30031612223393045
06037226001,265,339,604,0.5612582781456954
06037226002,789,319,1108,0.2879061371841155
06037226410,489,395,884,0.4468325791855204
06037226420,627,657,1284,0.5116822429906542
06037226700,680,837,1517,0.5517468688200395
06037227010,531,597,1128,0.5292553191489362
06037227020,371,399,770,0.5181818181818182
06037228100,412,604,1016,0.594488188976378
06037228210,448,555,1003,0.5533399800598205
06037228220,388,534,922,0.579175704989154
06037228310,481,563,1044,0.539272030651341
06037228320,321,388,709,0.5472496473906912
06037228410,311,412,723,0.5698478561549101
06037228420,356,359,715,0.5020979020979021
06037228500,467,721,1188,0.6069023569023569
06037228600,511,648,1159,0.5591026747195859
06037228710,438,557,995,0.5597989949748744
06037228720,395,649,1044,0.6216475095785441
06037228800,486,703,1189,0.5912531539108494
06037228900,415,299,714,0.41876750700280113
06037229100,320,701,1021,0.6865817825661117
06037229200,551,633,1184,0.5346283783783784
06037229300,582,788,1370,0.5751824817518248
06037229410,354,459,813,0.5645756457564576
06037229420,446,672,1118,0.6010733452593918
06037231100,454,238,692,0.3439306358381503
06037231210,688,468,1156,0.40484429065743943
06037231220,785,499,1284,0.3886292834890966
06037231300,706,1008,1714,0.588098016336056
06037231400,610,944,1554,0.6074646074646075
06037231500,454,989,1443,0.6853776853776854
06037231600,928,1144,2072,0.5521235521235521
06037231710,867,456,1323,0.34467120181405897
06037231720,929,595,1524,0.39041994750656167
06037231800,761,649,1410,0.4602836879432624
06037231900,693,848,1541,0.5502920181700195
06037232110,465,421,886,0.4751693002257336
06037232120,680,677,1357,0.498894620486367
06037232200,403,506,909,0.5566556655665567
06037232300,350,793,1143,0.6937882764654418
06037232400,590,1353,1943,0.6963458569222851
06037232500,658,813,1471,0.5526852481305234
06037232600,653,1256,1909,0.6579360921948664
06037232700,670,972,1642,0.5919610231425091
06037232800,417,578,995,0.5809045226130654
06037234000,607,1425,2032,0.7012795275590551
06037234200,266,901,1167,0.7720651242502142
06037234300,1468,808,2276,0.35500878734622143
06037234501,188,741,929,0.7976318622174381
06037234502,573,623,1196,0.5209030100334449
06037234600,446,1260,1706,0.738569753810082
06037234700,571,876,1447,0.6053904630269523
06037234800,379,828,1207,0.6859983429991715
06037234901,728,397,1125,0.35288888888888886
06037234902,953,617,1570,0.39299363057324843
06037235100,347,1327,1674,0.7927120669056152
06037235201,250,729,979,0.7446373850868233
06037235202,988,953,1941,0.4909840288511077
06037236000,961,1228,2189,0.5609867519415258
06037236100,1990,996,2986,0.333556597454789
06037236202,1863,647,2510,0.25776892430278886
06037236203,1113,359,1472,0.24388586956521738
06037236204,1027,346,1373,0.2520029133284778
06037236400,992,1113,2105,0.5287410926365795
06037237101,556,613,1169,0.5243798118049615
06037237102,408,523,931,0.5617615467239527
06037237201,296,715,1011,0.7072205736894164
06037237202,513,881,1394,0.6319942611190817
06037237300,638,1279,1917,0.667188315075639
06037237401,308,787,1095,0.7187214611872146
06037237402,334,697,1031,0.6760426770126091
06037237500,481,401,882,0.4546485260770975
06037237600,627,603,1230,0.4902439024390244
06037237710,621,523,1144,0.4571678321678322
06037237720,465,441,906,0.4867549668874172
06037237800,435,963,1398,0.6888412017167382
06037237900,410,998,1408,0.7088068181818182
06037238000,826,1516,2342,0.6473099914602903
06037238100,655,1168,1823,0.6407021393307735
06037238200,790,1382,2172,0.6362799263351749
06037238310,886,606,1492,0.4061662198391421
06037238320,648,495,1143,0.4330708661417323
06037238400,584,1322,1906,0.6935991605456453
06037239201,426,532,958,0.5553235908141962
06037239202,499,677,1176,0.5756802721088435
06037239310,421,588,1009,0.5827552031714569
06037239320,306,542,848,0.6391509433962265
06037239330,228,455,683,0.6661786237188873
06037239501,323,604,927,0.651564185544768
06037239502,377,543,920,0.5902173913043478
06037239601,357,534,891,0.5993265993265994
06037239602,398,495,893,0.5543113101903695
06037239701,429,685,1114,0.6149012567324955
06037239702,495,601,1096,0.5483576642335767
06037239801,363,530,893,0.593505039193729
06037239802,585,808,1393,0.5800430725053841
06037240010,477,507,984,0.5152439024390244
06037240020,427,856,1283,0.6671862821512081
06037240200,653,753,1406,0.5355618776671408
06037240300,791,845,1636,0.5165036674816625
06037240401,676,810,1486,0.5450874831763123
06037240402,434,790,1224,0.6454248366013072
06037240500,694,1043,1737,0.6004605641911341
06037240600,479,837,1316,0.6360182370820668
06037240700,566,1129,1695,0.6660766961651917
06037240800,360,794,1154,0.6880415944540728
06037240900,497,986,1483,0.6648685097774781
06037241001,472,691,1163,0.5941530524505589
06037241002,377,662,1039,0.6371511068334937
06037241110,263,532,795,0.6691823899371069
06037241120,558,761,1319,0.5769522365428355
06037241201,302,566,868,0.652073732718894
06037241202,640,956,1596,0.5989974937343359
06037241300,324,420,744,0.5645161290322581
06037241400,406,556,962,0.577962577962578
06037242000,464,610,1074,0.5679702048417132
06037242100,517,234,751,0.31158455392809586
06037242200,715,946,1661,0.5695364238410596
06037242300,605,671,1276,0.5258620689655172
06037242600,935,446,1381,0.3229543808834178
06037242700,378,903,1281,0.7049180327868853
06037243000,323,1027,1350,0.7607407407407407
06037243100,743,787,1530,0.5143790849673202
06037261101,194,1187,1381,0.8595220854453295
06037261102,183,1284,1467,0.8752556237218814
06037261200,292,1311,1603,0.817841547099189
06037262100,155,976,1131,0.8629531388152077
06037262200,443,1323,1766,0.7491506228765572
06037262301,126,733,859,0.8533178114086146
06037262302,363,831,1194,0.6959798994974874
06037262303,132,954,1086,0.8784530386740331
06037262400,149,952,1101,0.8646684831970936
06037262501,293,1104,1397,0.7902648532569793
06037262601,292,1057,1349,0.7835433654558932
06037262604,557,1860,2417,0.7695490277203144
06037262704,585,1024,1609,0.6364201367308887
06037262706,342,972,1314,0.7397260273972602
06037262802,264,1063,1327,0.8010550113036925
06037264000,283,928,1211,0.7663088356729976
06037264102,1141,508,1649,0.3080654942389327
06037264103,1050,414,1464,0.2827868852459016
06037264301,2305,864,3169,0.27264121173871886
06037264302,1742,1220,2962,0.41188386225523294
06037265100,565,699,1264,0.553006329113924
06037265201,424,436,860,0.5069767441860465
06037265202,1302,571,1873,0.30485851575013345
06037265303,1102,375,1477,0.25389302640487477
06037265304,603,236,839,0.28128724672228844
06037265305,1149,426,1575,0.2704761904761905
06037265410,193,417,610,0.6836065573770492
06037265420,236,515,751,0.6857523302263648
06037265510,1541,659,2200,0.29954545454545456
06037265520,1559,731,2290,0.31921397379912664
06037265601,898,474,1372,0.3454810495626822
06037265602,923,532,1455,0.3656357388316151
06037265700,1488,905,2393,0.37818637693272045
06037267100,1658,1209,2867,0.4216951517265434
06037267200,1875,1066,2941,0.3624617477048623
06037267300,1441,581,2022,0.2873392680514342
06037267402,2003,704,2707,0.26006649427410417
06037267403,1249,440,1689,0.2605091770278271
06037267404,1192,430,1622,0.2651048088779285
06037267501,1980,771,2751,0.2802617230098146
06037267502,937,714,1651,0.43246517262265294
06037267600,603,715,1318,0.5424886191198786
06037267700,1105,560,1665,0.33633633633633636
06037267800,463,701,1164,0.602233676975945
06037267901,981,440,1421,0.30964109781843774
06037267902,781,762,1543,0.4938431626701231
06037269000,826,1203,2029,0.5929029078363726
06037269100,1057,824,1881,0.4380648591174907
06037269300,288,1201,1489,0.80658159838818
06037269500,195,1109,1304,0.8504601226993865
06037269601,689,346,1035,0.3342995169082126
06037269602,736,425,1161,0.3660637381567614
06037269700,744,883,1627,0.5427166564228642
06037269800,1001,547,1548,0.35335917312661497
06037269903,1256,449,1705,0.26334310850439885
06037269904,1556,592,2148,0.2756052141527002
06037269905,1069,355,1424,0.24929775280898878
06037269906,1155,409,1564,0.2615089514066496
06037269907,1057,327,1384,0.23627167630057805
06037270100,1713,619,2332,0.26543739279588335
06037270200,638,633,1271,0.4980330448465775
06037270300,344,629,973,0.6464542651593012
06037271100,264,670,934,0.7173447537473233
06037271200,795,382,1177,0.324553950722175
06037271300,753,1268,2021,0.6274121721919842
06037271400,189,1121,1310,0.8557251908396947
06037271500,514,835,1349,0.6189770200148258
06037271600,1152,784,1936,0.4049586776859504
06037271701,1583,1094,2677,0.40866641763167727
06037271702,1261,632,1893,0.3338615953512942
06037271801,965,639,1604,0.3983790523690773
06037271802,1719,883,2602,0.3393543428132206
06037271901,746,663,1409,0.47054648687012063
06037271902,1038,813,1851,0.4392220421393841
06037272100,646,1188,1834,0.6477644492911668
06037272201,794,303,1097,0.27620783956244305
06037272202,1052,536,1588,0.33753148614609574
06037272301,660,633,1293,0.4895591647331787
06037272302,1283,579,1862,0.3109559613319012
06037273100,468,750,1218,0.6157635467980296
06037273200,723,809,1532,0.5280678851174935
06037273300,820,654,1474,0.44369063772048845
06037273402,1211,605,1816,0.3331497797356828
06037273502,970,692,1662,0.41636582430806257
06037273600,296,785,1081,0.7261794634597595
06037273700,514,729,1243,0.586484312148029
06037273800,735,764,1499,0.5096731154102735
06037273902,985,1141,2126,0.5366886171213546
06037274100,1394,932,2326,0.4006878761822872
06037274202,1203,1082,2285,0.4735229759299781
06037275101,184,286,470,0.6085106382978723
06037275102,827,594,1421,0.4180154820548909
06037275200,1079,642,1721,0.37303893085415457
06037275302,1381,1275,2656,0.48004518072289154
06037275311,1021,1316,2337,0.5631151048352588
06037275400,1165,951,2116,0.4494328922495274
06037275500,1139,768,1907,0.40272679601468275
06037275602,3902,1761,5663,0.3109659191241391
06037275603,397,791,1188,0.6658249158249159
06037276000,780,1739,2519,0.6903533148074633
06037276100,1894,943,2837,0.33239337328163554
06037276400,203,1285,1488,0.8635752688172043
06037276500,171,539,710,0.7591549295774648
06037276601,583,1041,1624,0.6410098522167488
06037276603,2341,838,3179,0.26360490720352314
06037276604,1535,891,2426,0.36727122835943943
06037277000,590,1615,2205,0.7324263038548753
06037277100,186,939,1125,0.8346666666666667
06037277200,754,255,1009,0.2527254707631318
06037277400,258,83,341,0.2434017595307918
06037278001,346,647,993,0.6515609264853978
06037278102,737,777,1514,0.5132100396301189
06037291110,797,543,1340,0.4052238805970149
06037291120,333,315,648,0.4861111111111111
06037291130,261,724,985,0.7350253807106599
06037291210,689,914,1603,0.5701809107922645
06037291220,509,528,1037,0.5091610414657667
06037291300,299,808,1107,0.7299006323396567
06037292000,1056,903,1959,0.4609494640122512
06037293201,882,1147,2029,0.5653031049778215
06037293202,977,805,1782,0.45173961840628507
06037293301,277,788,1065,0.739906103286385
06037293302,628,1028,1656,0.6207729468599034
06037293304,699,761,1460,0.5212328767123288
06037293306,220,574,794,0.7229219143576826
06037293307,580,334,914,0.36542669584245074
06037294110,339,775,1114,0.6956912028725314
06037294120,199,382,581,0.657487091222031
06037294200,354,1013,1367,0.7410387710314558
06037294301,160,528,688,0.7674418604651163
06037294302,459,736,1195,0.6158995815899582
06037294410,878,756,1634,0.46266829865361075
06037294421,542,453,995,0.4552763819095477
06037294510,430,649,1079,0.6014828544949027
06037294520,412,494,906,0.5452538631346578
06037294610,511,649,1160,0.5594827586206896
06037294620,381,718,1099,0.6533212010919017
06037294701,553,342,895,0.38212290502793295
06037294810,579,446,1025,0.4351219512195122
06037294820,514,360,874,0.41189931350114417
06037294830,545,493,1038,0.4749518304431599
06037294900,463,470,933,0.5037513397642015
06037295103,727,1270,1997,0.6359539308963446
06037296210,533,474,1007,0.47070506454816285
06037296220,1178,597,1775,0.3363380281690141
06037296300,1106,948,2054,0.46153846153846156
06037296401,454,814,1268,0.6419558359621451
06037296402,239,877,1116,0.78584229390681
06037296500,542,764,1306,0.5849923430321593
06037296600,1022,926,1948,0.4753593429158111
06037296901,1022,613,1635,0.3749235474006116
06037296902,988,690,1678,0.41120381406436235
06037297000,832,1505,2337,0.6439880188275567
06037297110,901,657,1558,0.4216944801026958
06037297120,583,476,1059,0.449480642115203
06037297201,905,562,1467,0.3830947511929107
06037297202,585,814,1399,0.581844174410293
06037297300,300,472,772,0.6113989637305699
06037297400,371,1135,1506,0.7536520584329349
06037297500,675,1417,2092,0.6773422562141491
06037297601,696,517,1213,0.42621599340478156
06037297602,846,866,1712,0.5058411214953271
06037300100,257,1689,1946,0.867934224049332
06037300200,529,1334,1863,0.7160493827160493
06037300301,357,1704,2061,0.826783114992722
06037300400,525,1549,2074,0.7468659594985535
06037300501,189,866,1055,0.8208530805687204
06037300502,1160,1249,2409,0.518472395184724
06037300600,1854,1724,3578,0.48183342649524874
06037300701,396,1680,2076,0.8092485549132948
06037300702,367,1524,1891,0.8059227921734532
06037300800,1216,1560,2776,0.5619596541786743
06037300901,384,1819,2203,0.825692237857467
06037300902,94,647,741,0.873144399460189
06037301000,1085,1000,2085,0.47961630695443647
06037301100,1453,1365,2818,0.4843860894251242
06037301203,1197,687,1884,0.3646496815286624
06037301204,1532,591,2123,0.2783796514366463
06037301205,144,603,747,0.8072289156626506
06037301206,1051,810,1861,0.4352498656636217
06037301300,100,600,700,0.8571428571428571
06037301400,197,1116,1313,0.84996191926885
06037301501,92,462,554,0.8339350180505415
06037301502,1633,826,2459,0.33590890605937374
06037301601,1469,904,2373,0.38095238095238093
06037301602,897,711,1608,0.44216417910447764
06037301701,485,655,1140,0.5745614035087719
06037301702,1232,832,2064,0.40310077519379844
06037301801,1658,606,2264,0.2676678445229682
06037301802,1288,635,1923,0.33021320852834113
06037301900,2177,1066,3243,0.32870798643231575
06037302002,1277,445,1722,0.2584204413472706
06037302003,983,421,1404,0.29985754985754987
06037302004,1125,478,1603,0.29819089207735494
06037302102,1247,1251,2498,0.5008006405124099
06037302103,1269,663,1932,0.34316770186335405
06037302104,1066,443,1509,0.2935719019218025
06037302201,1317,558,1875,0.2976
06037302202,1340,648,1988,0.32595573440643866
06037302301,952,451,1403,0.32145402708481824
06037302302,1373,589,1962,0.30020387359836903
06037302401,1646,824,2470,0.33360323886639676
06037302503,982,410,1392,0.29454022988505746
06037302504,1037,463,1500,0.30866666666666664
06037302505,1157,363,1520,0.2388157894736842
06037302506,746,615,1361,0.4518736223365173
06037310100,267,1691,1958,0.8636363636363636
06037310201,1008,1071,2079,0.5151515151515151
06037310202,956,881,1837,0.47958628198149156
06037310300,145,907,1052,0.8621673003802282
06037310400,349,893,1242,0.7190016103059581
06037310501,731,612,1343,0.45569620253164556
06037310601,1382,980,2362,0.41490262489415747
06037310602,543,510,1053,0.4843304843304843
06037310701,794,307,1101,0.27883742052679383
06037310702,2537,949,3486,0.2722317842799771
06037310703,1401,640,2041,0.3135717785399314
06037310800,774,1204,1978,0.6086956521739131
06037310900,614,1797,2411,0.7453338863542098
06037311000,465,921,1386,0.6645021645021645
06037311100,273,1106,1379,0.8020304568527918
06037311200,490,809,1299,0.6227867590454196
06037311300,354,1152,1506,0.7649402390438247
06037311400,230,744,974,0.7638603696098563
06037311500,1023,1351,2374,0.5690817186183657
06037311600,2236,1373,3609,0.38043779440288167
06037311700,922,1629,2551,0.6385731085848687
06037311801,766,538,1304,0.4125766871165644
06037311802,952,520,1472,0.3532608695652174
06037320100,446,1440,1886,0.7635206786850477
06037320201,712,596,1308,0.45565749235474007
06037320202,319,1123,1442,0.7787794729542302
06037320300,633,1300,1933,0.6725297465080187
06037400204,244,1854,2098,0.8836987607244995
06037400205,121,806,927,0.8694714131607335
06037400206,256,1497,1753,0.8539646320593268
06037400207,208,1260,1468,0.8583106267029973
06037400302,367,766,1133,0.676081200353045
06037400304,1053,1512,2565,0.5894736842105263
06037400402,306,1050,1356,0.7743362831858407
06037400403,339,953,1292,0.7376160990712074
06037400404,201,1202,1403,0.8567355666429081
06037400501,79,582,661,0.8804841149773072
06037400602,427,862,1289,0.6687354538401862
06037400603,680,1047,1727,0.6062536189924725
06037400604,449,775,1224,0.6331699346405228
06037400800,297,823,1120,0.7348214285714286
06037400900,338,1187,1525,0.778360655737705
06037401001,122,891,1013,0.8795656465942744
06037401002,615,869,1484,0.5855795148247979
06037401101,900,1097,1997,0.5493239859789685
06037401102,477,757,1234,0.6134521880064829
06037401201,176,831,1007,0.82522343594836145
06037401202,248,1125,1373,0.8193736343772761
06037401203,439,1242,1681,0.7388459250446163
06037401303,112,589,701,0.8402282453637661
06037401304,248,1600,1848,0.8658008658008658
06037401311,617,1507,2124,0.7095103578154426
06037401312,578,1331,1909,0.6972236773179675
06037401500,611,1287,1898,0.678082191780822
06037401601,784,1463,2247,0.6510903426791277
06037401602,733,1302,2035,0.6398034398034398
06037401603,402,898,1300,0.6907692307692308
06037401701,512,1159,1671,0.6935966487133453
06037401703,661,772,1433,0.5387299371946964
06037401704,834,1283,2117,0.6060462919225319
06037401800,657,2103,2760,0.7619565217391304
06037401901,46,81,127,0.6377952755905512
06037401902,1125,1551,2676,0.5795964125560538
06037402001,493,631,1124,0.5613879003558719
06037402002,566,1009,1575,0.6406349206349207
06037402101,215,838,1053,0.7958214624881291
06037402102,295,921,1216,0.7574013157894737
06037402200,440,1571,2011,0.7812033814022874
06037402301,446,872,1318,0.661608497723824
06037402303,489,607,1096,0.5538321167883211
06037402304,452,486,938,0.5181236673773987
06037402402,756,1130,1886,0.5991516436903499
06037402403,264,683,947,0.7212249208025343
06037402404,4,1,5,0.2
06037402405,99,547,646,0.846749226006192
06037402406,385,797,1182,0.6742808798646363
06037402501,595,715,1310,0.5458015267175572
06037402502,689,1094,1783,0.6135726303982053
06037402600,825,1517,2342,0.647736976942784
06037402702,815,750,1565,0.4792332268370607
06037402703,411,870,1281,0.6791569086651054
06037402705,130,710,840,0.8452380952380952
06037402706,208,762,970,0.7855670103092783
06037402801,455,671,1126,0.5959147424511545
06037402803,242,483,725,0.6662068965517242
06037402804,434,502,936,0.5363247863247863
06037402902,521,1010,1531,0.6596995427824951
06037402903,296,686,982,0.6985743380855397
06037402904,139,654,793,0.8247162673392182
06037403000,280,1236,1516,0.8153034300791556
06037403303,152,569,721,0.7891816920943134
06037403304,320,1328,1648,0.8058252427184466
06037403305,181,516,697,0.7403156384505022
06037403312,406,1196,1602,0.7465667915106118
06037403316,698,1687,2385,0.7073375262054508
06037403317,200,1227,1427,0.8598458304134547
06037403318,480,1448,1928,0.7510373443983402
06037403319,600,994,1594,0.6235884567126725
06037403320,311,1261,1572,0.8021628498727735
06037403321,396,1541,1937,0.7955601445534332
06037403322,268,953,1221,0.7805077805077805
06037403323,483,1275,1758,0.7252559726962458
06037403324,659,1456,2115,0.6884160756501182
06037403325,348,1341,1689,0.7939609236234458
06037403401,237,1348,1585,0.8504731861198738
06037403402,176,901,1077,0.8365831012070566
06037403403,202,1345,1547,0.8694246929541047
06037403404,97,667,764,0.8730366492146597
06037403405,69,464,533,0.8705440900562852
06037403406,251,635,886,0.7167042889390519
06037403407,83,619,702,0.8817663817663818
06037403408,313,1662,1975,0.8415189873417721
06037403500,128,426,554,0.7689530685920578
06037403600,578,1515,2093,0.7238413760152891
06037403702,179,930,1109,0.8385933273219116
06037403703,376,1155,1531,0.7544088830829523
06037403721,509,1097,1606,0.6830635118306351
06037403722,790,938,1728,0.5428240740740741
06037403801,695,1230,1925,0.638961038961039
06037403802,794,1124,1918,0.5860271115745568
06037403901,156,755,911,0.8287596048298573
06037403902,405,1089,1494,0.7289156626506024
06037404000,408,891,1299,0.6859122401847575
06037404100,417,1041,1458,0.7139917695473251
06037404201,366,621,987,0.6291793313069909
06037404202,244,487,731,0.6662106703146374
06037404301,606,780,1386,0.5627705627705628
06037404302,174,398,572,0.6958041958041958
06037404401,232,734,966,0.7598343685300207
06037404402,221,881,1102,0.7994555353901996
06037404501,226,445,671,0.6631892697466468
06037404503,240,471,711,0.6624472573839663
06037404504,615,681,1296,0.5254629629629629
06037404600,78,314,392,0.8010204081632653
06037404701,307,931,1238,0.7520193861066236
06037404702,460,940,1400,0.6714285714285714
06037404703,303,453,756,0.5992063492063492
06037404801,707,1172,1879,0.6237360298030867
06037404802,411,648,1059,0.6118980169971672
06037404803,169,276,445,0.6202247191011236
06037404901,352,937,1289,0.7269200930954228
06037404902,183,776,959,0.8091762252346194
06037404903,197,502,699,0.7181688125894135
06037405001,218,1139,1357,0.8393515106853353
06037405002,144,538,682,0.7888563049853372
06037405101,224,936,1160,0.8068965517241379
06037405102,509,855,1364,0.6268328445747801
06037405201,483,865,1348,0.6416913946587537
06037405202,351,861,1212,0.7103960396039604
06037405203,145,650,795,0.8176100628930818
06037405301,443,576,1019,0.5652600588812562
06037405302,455,1033,1488,0.6942204301075269
06037405400,167,1096,1263,0.8677751385589866
06037405500,421,1423,1844,0.7716919739696312
06037405600,372,1231,1603,0.767935121646912
06037405701,347,768,1115,0.6887892376681615
06037405702,436,1045,1481,0.7056043214044565
06037405800,451,1190,1641,0.7251675807434491
06037405900,359,831,1190,0.6983193277310924
06037406000,373,1134,1507,0.7524883875248839
06037406101,439,767,1206,0.6359867330016584
06037406102,1206,952,2158,0.4411492122335496
06037406200,914,974,1888,0.5158898305084746
06037406300,483,1190,1673,0.7112970711297071
06037406402,59,504,563,0.8952042628774423
06037406411,105,408,513,0.7953216374269005
06037406412,123,625,748,0.8355614973262032
06037406500,566,1304,1870,0.6973262032085561
06037406601,205,1186,1391,0.8526240115025162
06037406602,280,996,1276,0.780564263322884
06037406701,272,597,869,0.6869965477560415
06037406702,740,1035,1775,0.5830985915492958
06037406800,221,1056,1277,0.826938136256852
06037406901,347,804,1151,0.6985230234578628
06037406902,204,658,862,0.7633410672853829
06037407001,317,942,1259,0.7482128673550437
06037407002,101,646,747,0.8647925033467202
06037407101,371,796,1167,0.6820908311910883
06037407102,279,951,1230,0.7731707317073171
06037407200,374,1215,1589,0.7646318439269981
06037407301,194,879,1073,0.8191985088536813
06037407302,95,673,768,0.8763020833333334
06037407400,70,455,525,0.8666666666666667
06037407501,294,731,1025,0.713170731707317
06037407502,154,705,859,0.8207217694994179
06037407601,492,624,1116,0.5591397849462365
06037407602,234,703,937,0.7502668089647813
06037407701,484,675,1159,0.5823986194995686
06037407702,339,1272,1611,0.7895716945996276
06037407801,171,914,1085,0.8423963133640553
06037407802,125,649,774,0.838501291989664
06037407900,257,1273,1530,0.8320261437908497
06037408003,301,975,1276,0.7641065830721003
06037408004,383,456,839,0.5435041716328963
06037408005,471,1116,1587,0.7032136105860114
06037408006,385,581,966,0.6014492753623188
06037408133,683,837,1520,0.5506578947368421
06037408134,174,593,767,0.7731421121251629
06037408135,347,817,1164,0.7018900343642611
06037408136,173,831,1004,0.8276892430278885
06037408137,683,651,1334,0.48800599700149927
06037408138,335,872,1207,0.7224523612261806
06037408139,142,693,835,0.829940119760479
06037408140,157,603,760,0.7934210526315789
06037408141,235,877,1112,0.7886690647482014
06037408202,113,356,469,0.7590618336886994
06037408211,776,1024,1800,0.5688888888888889
06037408212,257,1121,1378,0.8134978229317852
06037408301,235,1004,1239,0.8103309120258273
06037408302,130,940,1070,0.8785046728971962
06037408303,218,967,1185,0.8160337552742616
06037408401,319,918,1237,0.7421180274858529
06037408402,408,1478,1886,0.7836691410392365
06037408501,225,581,806,0.7208436724565757
06037408503,246,1727,1973,0.8753167764825139
06037408504,537,1046,1583,0.660770688566014
06037408505,141,628,769,0.8166449934980494
06037408623,333,637,970,0.656701030927835
06037408624,152,810,962,0.841995841995842
06037408625,241,1083,1324,0.81797583081571
06037408626,505,823,1328,0.6197289156626506
06037408627,133,789,922,0.8557483731019523
06037408628,597,1269,1866,0.680064308681672
06037408629,187,739,926,0.7980561555075594
06037408630,95,439,534,0.8220973782771536
06037408631,238,1128,1366,0.8257686676427526
06037408703,275,1653,1928,0.8573651452282157
06037408704,392,650,1042,0.6238003838771593
06037408705,308,1289,1597,0.8071383844708829
06037408706,66,411,477,0.8616352201257862
06037408722,237,937,1174,0.7981260647359455
06037408723,125,693,818,0.8471882640586798
06037408724,1122,430,1552,0.2770618556701031
06037408800,851,610,1461,0.41752224503764546
06037430002,819,1590,2409,0.660024906600249
06037430003,192,1415,1607,0.880522713130056
06037430101,980,927,1907,0.48610382800209756
06037430102,330,879,1209,0.7270471464019851
06037430200,133,260,393,0.6615776081424937
06037430301,276,1235,1511,0.8173395102581072
06037430302,579,1604,2183,0.7347686669720568
06037430400,261,1203,1464,0.8217213114754098
06037430501,296,1370,1666,0.8223289315726291
06037430502,1143,1855,2998,0.6187458305537025
06037430600,202,1231,1433,0.8590369853454292
06037430701,592,1320,1912,0.6903765690376569
06037430721,607,715,1322,0.5408472012102874
06037430723,1001,628,1629,0.38551258440761205
06037430724,1227,668,1895,0.3525065963060686
06037430801,1169,1181,2350,0.5025531914893617
06037430802,293,1059,1352,0.783284023668639
06037430803,356,1463,1819,0.8042880703683343
06037430901,764,805,1569,0.5130656469088591
06037430902,714,822,1536,0.53515625
06037431001,1294,1355,2649,0.5115137787844469
06037431002,470,770,1240,0.6209677419354839
06037431100,825,1251,2076,0.6026011560693642
06037431200,286,1204,1490,0.8080536912751678
06037431300,182,668,850,0.7858823529411765
06037431400,267,1045,1312,0.7964939024390244
06037431501,571,1095,1666,0.6572629051620649
06037431502,324,1083,1407,0.7697228144989339
06037431600,256,1043,1299,0.8029253271747498
06037431700,416,1630,2046,0.7966764418377321
06037431800,569,1284,1853,0.6929303831624393
06037431900,491,967,1458,0.6632373113854595
06037432000,657,1748,2405,0.7268191268191269
06037432101,295,1064,1359,0.7829286239882266
06037432102,260,1453,1713,0.848219497956801
06037432201,362,866,1228,0.7052117263843648
06037432202,311,853,1164,0.7328178694158075
06037432300,350,810,1160,0.6982758620689655
06037432401,373,635,1008,0.6299603174603174
06037432402,650,997,1647,0.6053430479659988
06037432500,624,1827,2451,0.7454100367197063
06037432601,469,1268,1737,0.7299942429476108
06037432602,263,875,1138,0.7688927943760984
06037432700,405,992,1397,0.7100930565497494
06037432801,503,434,937,0.4631803628601921
06037432802,796,600,1396,0.4297994269340974
06037432901,386,773,1159,0.6669542709232097
06037432902,167,694,861,0.8060394889663183
06037433101,193,475,668,0.7110778443113772
06037433102,496,796,1292,0.6160990712074303
06037433200,607,1092,1699,0.6427310182460271
06037433302,180,238,418,0.569377990430622
06037433304,760,555,1315,0.4220532319391635
06037433305,609,671,1280,0.52421875
06037433306,309,485,794,0.610831234256927
06037433307,405,475,880,0.5397727272727273
06037433401,330,445,775,0.5741935483870968
06037433402,505,692,1197,0.5781119465329991
06037433403,661,706,1367,0.5164594001463058
06037433501,244,328,572,0.5734265734265734
06037433503,258,465,723,0.6431535269709544
06037433504,415,610,1025,0.5951219512195122
06037433601,295,992,1287,0.7707847707847708
06037433602,247,554,801,0.6916354556803995
06037433700,244,645,889,0.7255343082114736
06037433801,525,890,1415,0.6289752650176679
06037433802,166,775,941,0.8235919234856536
06037433901,631,741,1372,0.5400874635568513
06037433902,223,617,840,0.7345238095238096
06037434001,287,699,986,0.7089249492900609
06037434003,305,727,1032,0.7044573643410853
06037434004,173,540,713,0.7573632538569425
06037460000,272,1385,1657,0.835847917923959
06037460100,407,1961,2368,0.828125
06037460200,387,1629,2016,0.8080357142857143
06037460301,247,1359,1606,0.8462017434620175
06037460302,260,1121,1381,0.8117306299782766
06037460401,86,231,317,0.7287066246056783
06037460501,250,1504,1754,0.8574686431014823
06037460502,159,1179,1338,0.8811659192825112
06037460600,198,1218,1416,0.8601694915254238
06037460700,181,1378,1559,0.8838999358563181
06037460800,157,1038,1195,0.8686192468619247
06037460900,518,1484,2002,0.7412587412587412
06037461000,330,1334,1664,0.8016826923076923
06037461100,539,1298,1837,0.7065868263473054
06037461200,271,1392,1663,0.8370414912808178
06037461300,725,1739,2464,0.705762987012987
06037461400,527,753,1280,0.58828125
06037461501,407,881,1288,0.6840062111801242
06037461502,665,1010,1675,0.6029850746268657
06037461600,710,1076,1786,0.6024636058230683
06037461700,166,493,659,0.7481031866464339
06037461901,986,684,1670,0.4095808383233533
06037461902,891,300,1191,0.2518891687657431
06037462001,535,619,1154,0.5363951473136915
06037462002,683,479,1162,0.41222030981067126
06037462100,843,1019,1862,0.5472610096670247
06037462201,1302,633,1935,0.3271317829457364
06037462202,978,373,1351,0.27609178386380456
06037462301,1106,803,1909,0.42063907805133577
06037462302,1018,507,1525,0.3324590163934426
06037462400,487,1118,1605,0.6965732087227414
06037462500,697,1636,2333,0.7012430347192457
06037462600,129,716,845,0.8473372781065088
06037462700,967,1151,2118,0.5434372049102927
06037462800,404,665,1069,0.6220767072029935
06037462900,265,1097,1362,0.8054331864904553
06037463000,379,670,1049,0.6387035271687321
06037463101,203,627,830,0.755421686746988
06037463102,275,857,1132,0.7570671378091873
06037463200,516,913,1429,0.6389083275017495
06037463300,366,553,919,0.6017410228509249
06037463400,1259,1262,2521,0.50059500198334
06037463500,1859,709,2568,0.27609034267912774
06037463601,2221,992,3213,0.30874572051042637
06037463602,2062,825,2887,0.2857637686179425
06037463700,972,636,1608,0.39552238805970147
06037463800,254,1345,1599,0.8411507191994997
06037463900,660,869,1529,0.5683453237410072
06037464000,971,1550,2521,0.6148353827846093
06037464100,355,2037,2392,0.8515886287625418
06037464200,299,1796,2095,0.8572792362768497
06037480002,162,966,1128,0.8563829787234043
06037480011,809,996,1805,0.5518005540166205
06037480012,527,1122,1649,0.6804123711340206
06037480101,275,942,1217,0.7740345110928513
06037480102,410,1043,1453,0.7178251892635926
06037480201,161,1084,1245,0.8706827309236947
06037480202,136,708,844,0.8388625592417062
06037480302,963,857,1820,0.47087912087912087
06037480303,833,595,1428,0.4166666666666667
06037480304,1316,579,1895,0.30554089709762533
06037480400,1030,1188,2218,0.5356176735798016
06037480500,600,1433,2033,0.70486965076242
06037480600,1734,1503,3237,0.4643188137164041
06037480702,484,1079,1563,0.6903390914907229
06037480703,460,748,1208,0.6192052980132451
06037480704,947,839,1786,0.46976483762597987
06037480802,222,794,1016,0.781496062992126
06037480803,379,906,1285,0.7050583657587549
06037480804,992,717,1709,0.4195435927442949
06037480901,931,744,1675,0.44417910447761194
06037480902,677,617,1294,0.4768160741885626
06037480903,410,593,1003,0.5912263210368893
06037481001,745,833,1578,0.5278833967046895
06037481002,1066,1013,2079,0.48725348725348727
06037481101,830,638,1468,0.43460490463215257
06037481102,968,479,1447,0.3310297166551486
06037481103,493,972,1465,0.663481228668942
06037481201,400,804,1204,0.6677740863787376
06037481202,647,1289,1936,0.6658057851239669
06037481300,172,670,842,0.7957244655581948
06037481401,780,1053,1833,0.574468085106383
06037481402,624,1312,1936,0.6776859504132231
06037481500,402,1129,1531,0.7374265186152841
06037481603,544,672,1216,0.5526315789473685
06037481604,591,757,1348,0.5615727002967359
06037481605,447,629,1076,0.5845724907063197
06037481606,831,765,1596,0.4793233082706767
06037481711,793,590,1383,0.42660882140274764
06037481712,751,932,1683,0.5537730243612596
06037481713,416,463,879,0.5267349260523322
06037481714,483,425,908,0.46806167400881055
06037481800,131,767,898,0.8541202672605791
06037481901,419,1548,1967,0.7869852567361464
06037481902,491,648,1139,0.568920105355575
06037482001,275,754,1029,0.7327502429543246
06037482002,1025,1475,2500,0.59
06037482101,479,1005,1484,0.6772237196765498
06037482102,159,755,914,0.8260393873085339
06037482201,615,650,1265,0.5138339920948617
06037482202,707,850,1557,0.5459216441875402
06037482301,493,834,1327,0.6284853051996986
06037482303,573,979,1552,0.6307989690721649
06037482304,307,540,847,0.6375442739079102
06037482401,258,715,973,0.7348406988694759
06037482402,676,1563,2239,0.698079499776686
06037482502,215,639,854,0.7482435597189696
06037482503,286,733,1019,0.719332679097154
06037482521,329,1122,1451,0.7732598208132323
06037482522,671,845,1516,0.5573878627968337
06037482600,600,1738,2338,0.7433704020530368
06037482701,445,880,1325,0.6641509433962264
06037482702,166,636,802,0.7930174563591023
06037482800,358,983,1341,0.7330350484712901
06037500100,322,1171,1493,0.7843268586738111
06037500201,385,1824,2209,0.82571299230421
06037500202,283,1177,1460,0.8061643835616439
06037500300,292,795,1087,0.7313707451701932
06037500402,452,738,1190,0.6201680672268908
06037500403,145,922,1067,0.8641049671977507
06037500404,272,1071,1343,0.7974683544303798
06037500500,295,599,894,0.6700223713646533
06037500600,233,1049,1282,0.8182527301092044
06037500700,412,1382,1794,0.770345596432553
06037500800,262,1082,1344,0.8050595238095238
06037500900,597,1068,1665,0.6414414414414414
06037501001,177,592,769,0.7698309492847855
06037501002,219,1231,1450,0.8489655172413794
06037501200,396,1074,1470,0.7306122448979592
06037501300,765,1623,2388,0.6796482412060302
06037501400,466,770,1236,0.6229773462783171
06037501501,187,658,845,0.778698224852071
06037501503,958,906,1864,0.48605150214592274
06037501504,987,482,1469,0.3281143635125936
06037501600,641,1634,2275,0.7182417582417583
06037501700,307,889,1196,0.7433110367892977
06037501802,416,759,1175,0.6459574468085106
06037501803,931,559,1490,0.37516778523489935
06037501804,333,372,705,0.5276595744680851
06037501900,178,1098,1276,0.8605015673981191
06037502003,249,490,739,0.6630581867388363
06037502004,190,802,992,0.8084677419354839
06037502005,419,874,1293,0.6759474091260634
06037502100,475,1118,1593,0.7018204645323289
06037502200,533,1342,1875,0.7157333333333333
06037502301,295,1114,1409,0.7906316536550745
06037502302,341,404,745,0.5422818791946309
06037502401,279,998,1277,0.7815191855912295
06037502402,137,853,990,0.8616161616161616
06037502500,409,708,1117,0.6338406445837064
06037502601,263,1583,1846,0.8575297941495125
06037502602,566,773,1339,0.5772964899178491
06037502700,436,1430,1866,0.7663451232583065
06037502801,318,1374,1692,0.8120567375886525
06037502802,724,557,1281,0.4348165495706479
06037502901,214,1230,1444,0.8518005540166205
06037502902,283,692,975,0.7097435897435898
06037503000,316,916,1232,0.7435064935064936
06037503103,228,901,1129,0.7980513728963685
06037503104,143,482,625,0.7712
06037503105,377,679,1056,0.6429924242424242
06037503106,397,783,1180,0.6635593220338983
06037503201,120,975,1095,0.8904109589041096
06037503202,382,911,1293,0.7045630317092034
06037503301,134,870,1004,0.8665338645418327
06037503302,609,1240,1849,0.670632774472688
06037503401,667,1542,2209,0.698053417836125
06037503402,316,1026,1342,0.7645305514157973
06037503501,660,1346,2006,0.67098703888335
06037503502,218,993,1211,0.8199834847233691
06037503601,224,991,1215,0.8156378600823045
06037503602,167,1015,1182,0.8587140439932318
06037503701,550,1157,1707,0.6777973052138254
06037503702,493,1260,1753,0.7187678265830005
06037503703,944,1976,2920,0.6767123287671233
06037503801,293,874,1167,0.7489288774635818
06037503802,407,1215,1622,0.749075215782984
06037503901,115,712,827,0.8609431680773881
06037503902,215,1163,1378,0.8439767779390421
06037504001,274,813,1087,0.7479300827966882
06037504002,265,1217,1482,0.8211875843454791
06037504101,408,929,1337,0.6948391922213911
06037504102,1,8,9,0.8888888888888888
06037530003,128,833,961,0.8668054110301769
06037530004,397,716,1113,0.6433063791554358
06037530005,268,1074,1342,0.8002980625931445
06037530006,970,472,1442,0.3273231622746186
06037530101,849,835,1684,0.49584323040380046
06037530102,662,970,1632,0.5943627450980392
06037530202,297,909,1206,0.753731343283582
06037530203,496,489,985,0.4964467005076142
06037530204,598,547,1145,0.4777292576419214
06037530301,235,404,639,0.6322378716744914
06037530302,689,1208,1897,0.6367949393779652
06037530400,565,638,1203,0.5303408146300914
06037530500,437,681,1118,0.6091234347048301
06037530601,298,553,851,0.6498237367802585
06037530602,117,296,413,0.7167070217917676
06037530700,193,354,547,0.6471663619744058
06037530801,517,949,1466,0.6473396998635743
06037530802,241,673,914,0.7363238512035011
06037530901,342,561,903,0.6212624584717608
06037530902,399,661,1060,0.6235849056603774
06037531000,404,880,1284,0.6853582554517134
06037531101,394,847,1241,0.6825141015310233
06037531102,367,530,897,0.5908584169453734
06037531201,527,745,1272,0.585691823899371
06037531202,389,756,1145,0.6602620087336245
06037531301,489,743,1232,0.6030844155844156
06037531302,517,973,1490,0.6530201342281879
06037531502,334,473,807,0.5861214374225526
06037531503,310,427,737,0.5793758480325645
06037531504,359,693,1052,0.658745247148289
06037531602,439,756,1195,0.6326359832635984
06037531603,296,579,875,0.6617142857142857
06037531604,427,499,926,0.5388768898488121
06037531701,520,837,1357,0.6168017686072218
06037531702,622,723,1345,0.537546468401487
06037531800,475,803,1278,0.6283255086071987
06037531901,680,982,1662,0.5908543922984356
06037531902,354,802,1156,0.6937716262975778
06037532001,567,442,1009,0.4380574826560951
06037532002,388,548,936,0.5854700854700855
06037532101,904,870,1774,0.4904171364148816
06037532102,273,740,1013,0.7305034550839091
06037532200,791,963,1754,0.54903078677309
06037532302,262,868,1130,0.768141592920354
06037532303,422,917,1339,0.684839432412248
06037532304,476,614,1090,0.563302752293578
06037532400,6,15,21,0.7142857142857143
06037532500,554,566,1120,0.5053571428571428
06037532603,379,380,759,0.5006587615283268
06037532604,392,295,687,0.4294032023289665
06037532605,710,362,1072,0.3376865671641791
06037532606,787,491,1278,0.3841940532081377
06037532700,290,401,691,0.5803183791606368
06037532800,385,623,1008,0.6180555555555556
06037532900,711,942,1653,0.5698729582577132
06037533001,378,666,1044,0.6379310344827587
06037533002,200,397,597,0.6649916247906198
06037533103,471,344,815,0.42208588957055215
06037533104,835,431,1266,0.3404423380726698
06037533105,342,305,647,0.4714064914992272
06037533106,210,189,399,0.47368421052631576
06037533107,539,396,935,0.4235294117647059
06037533201,270,406,676,0.6005917159763313
06037533202,220,428,648,0.6604938271604939
06037533203,188,227,415,0.5469879518072289
06037533300,407,461,868,0.5311059907834101
06037533401,429,789,1218,0.6477832512315271
06037533402,484,578,1062,0.544256120527307
06037533403,312,430,742,0.5795148247978437
06037533501,333,390,723,0.5394190871369294
06037533502,152,331,483,0.6853002070393375
06037533503,207,261,468,0.5576923076923077
06037533601,470,649,1119,0.579982126899017
06037533602,632,774,1406,0.55049786628734
06037533603,880,903,1783,0.5064498037016265
06037533701,416,484,900,0.5377777777777778
06037533702,324,544,868,0.6267281105990783
06037533703,358,679,1037,0.6547733847637416
06037533803,694,906,1600,0.56625
06037533804,477,716,1193,0.6001676445934618
06037533805,414,510,924,0.551948051948052
06037533806,395,552,947,0.5828933474128828
06037533901,478,975,1453,0.6710254645560908
06037533902,376,582,958,0.6075156576200418
06037534001,489,778,1267,0.6140489344909235
06037534002,314,694,1008,0.6884920634920635
06037534101,166,339,505,0.6712871287128713
06037534102,590,873,1463,0.596719070403281
06037534201,421,606,1027,0.5900681596884129
06037534202,527,752,1279,0.5879593432369038
06037534203,382,481,863,0.5573580533024334
06037534301,601,535,1136,0.4709507042253521
06037534302,354,480,834,0.5755395683453237
06037534403,351,363,714,0.5084033613445378
06037534404,443,533,976,0.5461065573770492
06037534405,494,468,962,0.4864864864864865
06037534406,507,561,1068,0.5252808988764045
06037534501,413,826,1239,0.6666666666666666
06037534502,229,759,988,0.7682186234817814
06037534700,208,800,1008,0.7936507936507936
06037534802,194,511,705,0.724822695035461
06037534803,467,710,1177,0.6032285471537808
06037534804,259,626,885,0.7073446327683616
06037534900,467,1009,1476,0.6836043360433605
06037535001,406,613,1019,0.6015701668302257
06037535002,284,558,842,0.66270783847981
06037535101,606,1189,1795,0.6623955431754874
06037535102,320,723,1043,0.6931927133269415
06037535200,391,872,1263,0.6904196357878069
06037535300,400,1028,1428,0.7198879551820728
06037535400,280,491,771,0.6368352788586251
06037535501,510,507,1017,0.49852507374631266
06037535502,567,679,1246,0.5449438202247191
06037535503,286,357,643,0.5552099533437014
06037535603,468,551,1019,0.5407262021589794
06037535604,385,635,1020,0.6225490196078431
06037535605,584,538,1122,0.47950089126559714
06037535606,191,260,451,0.5764966740576497
06037535607,367,723,1090,0.6633027522935779
06037535701,570,850,1420,0.5985915492957746
06037535702,678,761,1439,0.5288394718554552
06037535802,559,1050,1609,0.6525792417650714
06037535803,535,586,1121,0.5227475468331847
06037535804,624,722,1346,0.5364041604754829
06037535901,489,959,1448,0.662292817679558
06037535902,316,1262,1578,0.7997465145754119
06037536000,541,467,1008,0.4632936507936508
06037536102,373,663,1036,0.63996138996139
06037536103,505,976,1481,0.6590141796083727
06037536104,415,617,1032,0.5978682170542635
06037536200,605,1340,1945,0.6889460154241646
06037540000,624,963,1587,0.6068052930056711
06037540101,375,1100,1475,0.7457627118644068
06037540102,346,1216,1562,0.7784891165172856
06037540201,377,214,591,0.36209813874788493
06037540202,931,670,1601,0.4184884447220487
06037540203,666,616,1282,0.48049921996879874
06037540300,419,753,1172,0.6424914675767918
06037540400,126,316,442,0.7149321266968326
06037540501,303,750,1053,0.7122507122507122
06037540502,849,605,1454,0.4160935350756534
06037540600,474,656,1130,0.5805309734513274
06037540700,242,568,810,0.7012345679012346
06037540800,386,1128,1514,0.7450462351387054
06037540901,295,906,1201,0.7543713572023314
06037540902,353,1134,1487,0.7626092804303968
06037541001,59,306,365,0.8383561643835616
06037541002,266,716,982,0.7291242362525459
06037541100,276,642,918,0.6993464052287581
06037541200,388,1465,1853,0.7906098219104155
06037541300,317,1156,1473,0.7847929395790902
06037541400,591,1105,1696,0.6515330188679245
06037541500,541,808,1349,0.5989621942179392
06037541603,249,427,676,0.6316568047337278
06037541604,637,816,1453,0.5615966964900206
06037541605,522,767,1289,0.5950349107835532
06037541606,293,318,611,0.5204582651391162
06037541700,350,1046,1396,0.7492836676217765
06037541801,500,822,1322,0.6217851739788199
06037541802,328,822,1150,0.7147826086956521
06037542000,322,819,1141,0.7177914110429447
06037542103,271,576,847,0.680047225501771
06037542104,180,526,706,0.7450424929178471
06037542105,367,728,1095,0.6648401826484018
06037542106,325,452,777,0.5817245817245817
06037542200,468,1108,1576,0.7030456852791879
06037542401,320,903,1223,0.7383483237939493
06037542402,170,588,758,0.7757255936675461
06037542501,426,741,1167,0.6349614395886889
06037542502,637,666,1303,0.511128165771297
06037542601,278,399,677,0.5893648449039882
06037542602,616,805,1421,0.5665024630541872
06037542700,332,1013,1345,0.7531598513011153
06037542800,170,729,899,0.8109010011123471
06037542900,181,556,737,0.7544097693351425
06037543000,307,861,1168,0.7371575342465754
06037543100,342,1423,1765,0.8062322946175637
06037543201,266,642,908,0.7070484581497798
06037543202,403,757,1160,0.6525862068965518
06037543304,266,1680,1946,0.8633093525179856
06037543305,391,686,1077,0.6369545032497679
06037543306,675,1448,2123,0.682053697597739
06037543321,499,1332,1831,0.7274713271436374
06037543322,320,1834,2154,0.851439182915506
06037543400,140,814,954,0.8532494758909853
06037543501,852,1199,2051,0.5845928815212091
06037543502,378,973,1351,0.7202072538860104
06037543503,589,1183,1772,0.667607223476298
06037543601,362,604,966,0.6252587991718427
06037543602,986,1866,2852,0.6542776998597476
06037543603,400,1108,1508,0.7347480106100795
06037543604,201,1169,1370,0.8532846715328467
06037543701,98,524,622,0.842443729903537
06037543702,530,1267,1797,0.7050639955481358
06037543703,205,702,907,0.7739801543550165
06037543801,349,1011,1360,0.7433823529411765
06037543802,801,1140,1941,0.5873261205564142
06037543903,357,787,1144,0.6879370629370629
06037543905,341,608,949,0.6406743940990516
06037544001,269,875,1144,0.7648601398601399
06037544002,171,637,808,0.7883663366336634
06037550000,32,117,149,0.785234899328859
06037550100,321,1529,1850,0.8264864864864865
06037550201,267,502,769,0.6527958387516255
06037550202,272,1181,1453,0.8128011011699932
06037550300,544,1503,2047,0.7342452369320958
06037550400,47,324,371,0.8733153638814016
06037550500,664,1673,2337,0.715875053487377
06037550601,777,944,1721,0.5485183033120279
06037550602,206,1010,1216,0.8305921052631579
06037550700,400,1397,1797,0.7774067890929327
06037550800,577,1500,2077,0.7221954742416947
06037550901,771,586,1357,0.4318349299926308
06037550902,1057,827,1884,0.43895966029723993
06037551000,717,1465,2182,0.6714023831347388
06037551101,619,562,1181,0.4758679085520745
06037551102,1066,600,1666,0.36014405762304924
06037551201,503,626,1129,0.5544729849424269
06037551202,806,1338,2144,0.6240671641791045
06037551300,941,763,1704,0.4477699530516432
06037551401,592,764,1356,0.5634218289085545
06037551402,319,961,1280,0.75078125
06037551501,528,897,1425,0.6294736842105263
06037551502,382,843,1225,0.6881632653061225
06037551700,431,1249,1680,0.743452380952381
06037551800,910,1465,2375,0.6168421052631579
06037551900,289,1127,1416,0.7959039548022598
06037552001,190,792,982,0.8065173116089613
06037552002,358,560,918,0.6100217864923747
06037552100,561,1295,1856,0.6977370689655172
06037552200,836,810,1646,0.49210206561360875
06037552301,397,827,1224,0.6756535947712419
06037552302,482,761,1243,0.6122284794851166
06037552400,83,486,569,0.8541300527240774
06037552601,194,984,1178,0.8353140916808149
06037552602,342,759,1101,0.6893732970027248
06037552700,331,1371,1702,0.8055229142185664
06037552800,476,1151,1627,0.7074370006146281
06037552900,660,1265,1925,0.6571428571428571
06037553000,189,1060,1249,0.8486789431545236
06037553100,704,1192,1896,0.6286919831223629
06037553200,441,1513,1954,0.7743091095189355
06037553300,264,725,989,0.7330637007077856
06037553400,239,699,938,0.7452025586353944
06037553502,599,596,1195,0.49874476987447697
06037553503,341,410,751,0.5459387483355526
06037553504,539,823,1362,0.604258443465492
06037553601,608,666,1274,0.5227629513343799
06037553602,669,706,1375,0.5134545454545455
06037553701,350,549,899,0.610678531701891
06037553702,363,727,1090,0.6669724770642201
06037553801,538,542,1080,0.5018518518518519
06037553802,919,1104,2023,0.5457241720217498
06037553901,470,1149,1619,0.7096973440395306
06037553902,696,843,1539,0.5477582846003899
06037554001,201,859,1060,0.810377358490566
06037554002,783,898,1681,0.5342058298631767
06037554101,481,516,997,0.5175526579739218
06037554103,111,320,431,0.7424593967517401
06037554104,403,334,737,0.4531886024423338
06037554105,1017,427,1444,0.29570637119113574
06037554201,351,821,1172,0.7005119453924915
06037554203,490,732,1222,0.5990180032733224
06037554204,1001,670,1671,0.4009575104727708
06037554301,406,614,1020,0.6019607843137255
06037554302,541,682,1223,0.5576451349141456
06037554403,904,809,1713,0.47227086981903094
06037554404,621,676,1297,0.5212027756360833
06037554405,629,484,1113,0.4348607367475292
06037554406,680,940,1620,0.5802469135802469
06037554511,223,968,1191,0.8127623845507976
06037554512,337,1646,1983,0.8300554715078164
06037554513,196,625,821,0.761266747868453
06037554514,412,1032,1444,0.7146814404432132
06037554515,172,932,1104,0.8442028985507246
06037554516,135,1026,1161,0.8837209302325582
06037554517,368,1079,1447,0.7456807187284036
06037554518,215,1408,1623,0.8675292667898953
06037554519,207,998,1205,0.8282157676348548
06037554521,596,1307,1903,0.6868102995270625
06037554522,231,1265,1496,0.8455882352941176
06037554600,401,850,1251,0.6794564348521183
06037554700,151,825,976,0.8452868852459017
06037554801,174,553,727,0.7606602475928473
06037554802,461,1167,1628,0.7168304668304668
06037554900,773,1332,2105,0.6327790973871734
06037555001,367,1105,1472,0.7506793478260869
06037555002,446,671,1117,0.6007162041181737
06037555102,884,995,1879,0.5295369877594465
06037555103,586,872,1458,0.598079561042524
06037555104,528,763,1291,0.5910147172734315
06037555202,123,960,1083,0.8864265927977839
06037555211,458,915,1373,0.6664238892935178
06037555212,466,738,1204,0.6129568106312292
06037570001,381,1083,1464,0.7397540983606558
06037570002,169,668,837,0.7980884109916367
06037570003,214,1120,1334,0.8395802098950524
06037570100,179,575,754,0.7625994694960212
06037570202,413,1196,1609,0.7433188315724052
06037570203,733,472,1205,0.391701244813278
06037570204,536,662,1198,0.5525876460767947
06037570301,1198,1057,2255,0.4687361419068736
06037570303,493,755,1248,0.6049679487179487
06037570304,658,781,1439,0.5427380125086866
06037570402,196,757,953,0.7943336831059811
06037570403,449,675,1124,0.6005338078291815
06037570404,232,625,857,0.7292882147024504
06037570501,583,1503,2086,0.7205177372962608
06037570502,506,1318,1824,0.7225877192982456
06037570601,599,942,1541,0.6112913692407528
06037570602,743,1091,1834,0.5948745910577972
06037570603,1243,561,1804,0.31097560975609756
06037570701,1094,1502,2596,0.5785824345146379
06037570702,92,698,790,0.8835443037974684
06037570800,283,1444,1727,0.8361320208453966
06037570901,258,1531,1789,0.8557853549468977
06037570902,301,901,1202,0.7495840266222962
06037571000,251,1631,1882,0.8666312433581297
06037571101,233,1237,1470,0.8414965986394558
06037571102,193,1111,1304,0.8519938650306749
06037571200,1255,1834,3089,0.5937196503722888
06037571300,216,1240,1456,0.8516483516483516
06037571400,398,1269,1667,0.76124775044991
06037571502,740,1035,1775,0.5830985915492958
06037571503,396,872,1268,0.6876971608832808
06037571504,889,990,1879,0.5268759978712081
06037571600,593,230,823,0.27946537059538273
06037571701,776,1037,1813,0.5719801434087148
06037571703,462,603,1065,0.5661971830985916
06037571704,532,703,1235,0.5692307692307692
06037571800,403,927,1330,0.6969924812030075
06037571900,979,1327,2306,0.5754553339115351
06037572001,599,1557,2156,0.7221706864564007
06037572002,1203,781,1984,0.3936491935483871
06037572100,44,275,319,0.8620689655172413
06037572201,784,1294,2078,0.6227141482194418
06037572202,279,815,1094,0.7449725776965265
06037572301,357,606,963,0.6292834890965732
06037572302,225,610,835,0.7305389221556886
06037572400,40,283,323,0.8761609907120743
06037572500,795,437,1232,0.3547077922077922
06037572600,256,961,1217,0.7896466721446179
06037572700,354,980,1334,0.7346326836581709
06037572800,172,54,226,0.23893805309734514
06037572900,593,725,1318,0.5500758725341427
06037573002,722,409,1131,0.3616268788682582
06037573003,184,438,622,0.7041800643086816
06037573004,1116,539,1655,0.3256797583081571
06037573100,1206,1200,2406,0.49875311720698257
06037573201,642,676,1318,0.5128983308042488
06037573202,905,792,1697,0.4667059516794343
06037573300,556,538,1094,0.49177330895795246
06037573401,259,386,645,0.5984496124031008
06037573402,1364,1250,2614,0.47819433817903595
06037573403,599,885,1484,0.5963611859838275
06037573601,334,1867,2201,0.8482507950931395
06037573700,228,1484,1712,0.866822429906542
06037573800,215,1274,1489,0.8556077904633983
06037573902,245,611,856,0.7137850467289719
06037574000,243,1610,1853,0.868861305990286
06037574100,246,1660,1906,0.8709338929695698
06037574201,151,947,1098,0.8624772313296903
06037574202,294,443,737,0.6010854816824966
06037574300,497,1752,2249,0.779012894619831
06037574400,258,1662,1920,0.865625
06037574500,292,1975,2267,0.8711954124393472
06037574602,180,355,535,0.6635514018691588
06037574800,727,769,1496,0.5140374331550802
06037574901,252,1106,1358,0.8144329896907216
06037574902,1150,637,1787,0.3564633463905988
06037575001,995,701,1696,0.41332547169811323
06037575002,878,992,1870,0.5304812834224599
06037575101,871,587,1458,0.40260631001371744
06037575102,720,543,1263,0.42992874109263657
06037575103,1420,619,2039,0.30358018636586565
06037575201,639,604,1243,0.48592115848753015
06037575202,677,559,1236,0.4522653721682848
06037575300,835,471,1306,0.36064318529862177
06037575401,855,362,1217,0.29745275267050125
06037575402,661,328,989,0.3316481294236603
06037575500,18,23,41,0.5609756097560976
06037575801,489,207,696,0.2974137931034483
06037575802,1018,615,1633,0.37660747091243113
06037575803,893,396,1289,0.30721489526764933
06037575901,984,398,1382,0.28798842257597684
06037575902,2185,785,2970,0.26430976430976433
06037576001,2335,903,3238,0.278875849289685
06037576200,2120,856,2976,0.28763440860215056
06037576301,1301,518,1819,0.2847718526663002
06037576302,791,433,1224,0.35375816993464054
06037576401,839,394,1233,0.3195458231954582
06037576402,823,525,1348,0.38946587537091987
06037576403,951,489,1440,0.33958333333333335
06037576501,979,450,1429,0.31490552834149754
06037576502,1385,570,1955,0.2915601023017903
06037576503,1293,615,1908,0.3223270440251572
06037576601,1993,796,2789,0.2854069558981714
06037576602,1856,728,2584,0.28173374613003094
06037576700,1272,744,2016,0.36904761904761907
06037576801,1237,689,1926,0.357736240913811
06037576802,1153,753,1906,0.3950682056663169
06037576901,1152,623,1775,0.35098591549295777
06037576903,875,461,1336,0.34505988023952094
06037576904,744,529,1273,0.41555380989787905
06037577000,1889,1370,3259,0.4203743479594968
06037577100,1694,1636,3330,0.4912912912912913
06037577200,2019,1156,3175,0.3640944881889764
06037577300,1846,1321,3167,0.41711398800126304
06037577400,805,755,1560,0.483974358974359
06037577501,591,1119,1710,0.6543859649122807
06037577504,408,362,770,0.4701298701298701
06037577602,654,962,1616,0.5952970297029703
06037577603,1182,2524,3706,0.6810577441985969
06037577604,383,391,774,0.5051679586563308
06037599000,788,683,1471,0.46430999320190347
06037599100,34,48,82,0.5853658536585366
06037600100,1070,1110,2180,0.5091743119266054
06037600201,749,703,1452,0.48415977961432505
06037600202,1009,1192,2201,0.5415720127214902
06037600302,256,805,1061,0.7587181903864278
06037600303,639,573,1212,0.47277227722772275
06037600304,574,541,1115,0.4852017937219731
06037600400,560,982,1542,0.6368352788586251
06037600501,216,655,871,0.7520091848450058
06037600502,185,450,635,0.7086614173228346
06037600601,307,613,920,0.6663043478260869
06037600602,501,195,696,0.2801724137931034
06037600702,390,1012,1402,0.7218259629101283
06037600703,380,494,874,0.5652173913043478
06037600704,496,719,1215,0.5917695473251029
06037600801,262,970,1232,0.7873376623376623
06037600802,531,596,1127,0.5288376220053239
06037600902,1539,836,2375,0.352
06037600911,387,737,1124,0.655693950177936
06037600912,531,916,1447,0.6330338631651693
06037601001,646,426,1072,0.39738805970149255
06037601002,1168,726,1894,0.3833157338965153
06037601100,1408,696,2104,0.33079847908745247
06037601202,305,673,978,0.6881390593047034
06037601211,613,437,1050,0.41619047619047617
06037601212,1315,753,2068,0.3641199226305609
06037601301,225,508,733,0.6930422919508867
06037601302,1920,875,2795,0.31305903398926654
06037601303,1433,642,2075,0.30939759036144576
06037601401,1048,680,1728,0.39351851851851855
06037601402,369,918,1287,0.7132867132867133
06037601501,640,444,1084,0.4095940959409594
06037601502,397,475,872,0.5447247706422018
06037601600,436,621,1057,0.5875118259224219
06037601700,586,717,1303,0.5502686108979279
06037601801,298,504,802,0.628428927680798
06037601802,410,588,998,0.5891783567134269
06037601900,575,663,1238,0.5355411954765751
06037602002,352,457,809,0.5648949320148331
06037602003,511,747,1258,0.5937996820349761
06037602004,320,732,1052,0.6958174904942965
06037602103,1215,875,2090,0.41866028708133973
06037602104,976,763,1739,0.43875790684301325
06037602105,689,559,1248,0.4479166666666667
06037602106,1280,721,2001,0.36031984007996004
06037602200,1093,1484,2577,0.5758634070624757
06037602301,444,1442,1886,0.7645811240721103
06037602302,539,1305,1844,0.7077006507592191
06037602402,725,1360,2085,0.6522781774580336
06037602403,1059,607,1666,0.36434573829531813
06037602404,982,836,1818,0.4598459845984598
06037602504,1157,591,1748,0.33810068649885583
06037602505,1143,517,1660,0.31144578313253013
06037602506,1132,589,1721,0.3422428820453225
06037602507,1284,551,1835,0.3002724795640327
06037602508,1569,814,2383,0.34158623583718
06037602509,472,669,1141,0.5863277826468011
06037602600,987,1894,2881,0.6574106213120444
06037602700,236,1040,1276,0.8150470219435737
06037602801,681,566,1247,0.4538893344025662
06037602802,307,1092,1399,0.7805575411007862
06037602900,493,823,1316,0.6253799392097265
06037603001,1387,1034,2421,0.4270962412226353
06037603004,464,170,634,0.26813880126182965
06037603005,1118,754,1872,0.4027777777777778
06037603006,416,394,810,0.48641975308641977
06037603101,728,753,1481,0.5084402430790007
06037603102,660,658,1318,0.4992412746585736
06037603200,351,812,1163,0.6981943250214961
06037603301,762,656,1418,0.46262341325811
06037603302,754,876,1630,0.5374233128834356
06037603400,540,881,1421,0.6199859254046446
06037603500,143,740,883,0.8380520951302378
06037603600,327,1037,1364,0.7602639296187683
06037603702,191,1319,1510,0.8735099337748344
06037603703,144,662,806,0.8213399503722084
06037603704,1435,677,2112,0.32054924242424243
06037603801,796,704,1500,0.4693333333333333
06037603802,408,746,1154,0.6464471403812825
06037603900,983,1440,2423,0.5943045810978126
06037604001,399,897,1296,0.6921296296296297
06037604002,647,864,1511,0.57180675049636
06037604100,697,1321,2018,0.6546085232903865
06037609900,204,378,582,0.6494845360824743
06037620001,541,859,1400,0.6135714285714285
06037620002,805,644,1449,0.4444444444444444
06037620101,820,1295,2115,0.6122931442080378
06037620102,734,719,1453,0.49483826565726086
06037620201,576,351,927,0.3786407766990291
06037620301,269,1365,1634,0.8353733170134638
06037620303,263,1290,1553,0.8306503541532517
06037620305,884,1546,2430,0.6362139917695473
06037620400,535,1506,2041,0.7378735913767761
06037620501,680,1405,2085,0.6738609112709832
06037620521,715,832,1547,0.5378151260504201
06037620522,822,1000,1822,0.5488474204171241
06037620601,1100,1101,2201,0.5002271694684235
06037620602,560,1371,1931,0.7099948213360953
06037620701,1095,1725,2820,0.6117021276595744
06037620702,594,1957,2551,0.7671501372010976
06037620800,644,2073,2717,0.7629738682370262
06037620901,194,774,968,0.7995867768595041
06037620904,305,852,1157,0.7363872082973206
06037621001,773,1110,1883,0.5894848645778014
06037621002,244,237,481,0.49272349272349275
06037621004,962,1131,2093,0.5403726708074534
06037621102,318,881,1199,0.7347789824854045
06037621104,1700,1600,3300,0.48484848484848486
06037621201,1007,1482,2489,0.5954198473282443
06037621204,1247,568,1815,0.31294765840220384
06037621301,1216,1534,2750,0.5578181818181818
06037621324,1273,776,2049,0.37872132747681797
06037621326,1121,605,1726,0.3505214368482039
06037621400,731,1146,1877,0.6105487480021311
06037650001,609,1485,2094,0.7091690544412608
06037650003,606,557,1163,0.47893379191745483
06037650004,716,813,1529,0.5317200784826684
06037650101,471,1624,2095,0.7751789976133652
06037650102,153,602,755,0.7973509933774835
06037650200,420,1475,1895,0.7783641160949868
06037650300,1099,1421,2520,0.5638888888888889
06037650401,302,1166,1468,0.7942779291553134
06037650501,154,889,1043,0.8523489932885906
06037650502,422,1056,1478,0.7144790257104194
06037650602,1732,994,2726,0.3646368305209098
06037650603,506,986,1492,0.660857908847185
06037650604,1714,705,2419,0.2914427449359239
06037650605,617,503,1120,0.44910714285714287
06037650701,223,749,972,0.7705761316872428
06037650702,297,1253,1550,0.8083870967741935
06037650800,1205,1553,2758,0.5630891950688905
06037650901,934,1408,2342,0.601195559350982
06037650902,1030,1599,2629,0.608216051730696
06037651001,468,1331,1799,0.7398554752640356
06037651002,503,1200,1703,0.7046388725778039
06037651101,692,1158,1850,0.625945945945946
06037651102,910,735,1645,0.44680851063829785
06037651201,214,1420,1634,0.8690330477356181
06037651221,761,634,1395,0.4544802867383513
06037651222,1260,1069,2329,0.45899527694289394
06037651302,529,1758,2287,0.7686926104066463
06037651304,1041,1286,2327,0.5526428878384185
06037651401,380,747,1127,0.6628216503992902
06037651402,799,1494,2293,0.6515481901439163
06037670001,401,934,1335,0.699625468164794
06037670002,568,895,1463,0.6117566643882434
06037670003,765,1501,2266,0.6624007060900264
06037670100,1327,1421,2748,0.5171033478893741
06037670201,383,1058,1441,0.7342123525329632
06037670202,108,781,889,0.8785151856017998
06037670324,322,1530,1852,0.826133909287257
06037670326,160,1178,1338,0.8804185351270553
06037670328,283,1436,1719,0.835369400814427
06037670403,154,838,992,0.844758064516129
06037670405,301,826,1127,0.7329192546583851
06037670406,116,544,660,0.8242424242424242
06037670407,1133,1212,2345,0.5168443496801706
06037670411,209,1330,1539,0.8641975308641975
06037670413,378,1332,1710,0.7789473684210526
06037670416,563,1098,1661,0.6610475617098134
06037670500,62,515,577,0.8925476603119584
06037670602,625,1954,2579,0.7576580069794494
06037670701,581,1916,2497,0.7673207849419303
06037670702,281,1740,2021,0.8609599208312716
06037700101,2464,1042,3506,0.29720479178551057
06037700102,1943,842,2785,0.30233393177737883
06037700200,3208,1333,4541,0.2935476767231887
06037700300,2880,1153,4033,0.2858913959831391
06037700400,1840,1333,3173,0.42010715411282695
06037700501,1559,792,2351,0.3368779242875372
06037700502,2096,884,2980,0.2966442953020134
06037700600,258,1470,1728,0.8506944444444444
06037700700,131,1000,1131,0.8841732979664014
06037700801,1678,768,2446,0.31398201144726084
06037700802,1292,632,1924,0.3284823284823285
06037700901,700,854,1554,0.5495495495495496
06037700902,2217,1117,3334,0.33503299340131976
06037701000,1464,1188,2652,0.4479638009049774
06037701100,21,27,48,0.5625
06037701201,195,1242,1437,0.8643006263048016
06037701202,1159,525,1684,0.31175771971496435
06037701302,1997,778,2775,0.2803603603603604
06037701304,1570,1442,3012,0.47875166002656044
06037701402,2646,912,3558,0.2563237774030354
06037701501,1866,803,2669,0.3008617459722743
06037701502,1280,451,1731,0.2605430387059503
06037701601,763,967,1730,0.5589595375722544
06037701602,1239,635,1874,0.33884738527214514
06037701701,1207,535,1742,0.3071182548794489
06037701702,1280,528,1808,0.2920353982300885
06037701801,1786,985,2771,0.35546734031035726
06037701802,1143,660,1803,0.36605657237936773
06037701902,2234,820,3054,0.2685003274394237
06037702002,2309,1156,3465,0.3336219336219336
06037702102,2466,1211,3677,0.3293445743812891
06037702201,1136,908,2044,0.44422700587084146
06037702202,684,974,1658,0.5874547647768396
06037702300,1249,1568,2817,0.5566205182818601
06037702400,1040,925,1965,0.4707379134860051
06037702501,822,1174,1996,0.5881763527054108
06037702502,1162,854,2016,0.4236111111111111
06037702600,606,1721,2327,0.7395788568972926
06037702700,321,950,1271,0.7474429583005507
06037702801,998,1050,2048,0.5126953125
06037702802,335,552,887,0.6223224351747464
06037702803,643,579,1222,0.47381342062193127
06037702901,4137,1400,5537,0.2528445006321112
06037703001,2190,968,3158,0.3065231158961368
06037703002,862,1997,2859,0.6984959776145505
06037703100,664,1855,2519,0.7364033346566098
06037703200,511,1804,2315,0.7792656587473002
06037800101,308,1630,1938,0.8410732714138287
06037800102,468,2220,2688,0.8258928571428571
06037800202,306,1743,2049,0.8506588579795022
06037800203,585,1368,1953,0.7004608294930875
06037800204,456,1270,1726,0.7358053302433372
06037800324,442,1999,2441,0.8189266693977878
06037800325,387,1120,1507,0.7431984074319841
06037800326,461,1371,1832,0.7483624454148472
06037800327,965,1225,2190,0.5593607305936074
06037800328,419,556,975,0.5702564102564103
06037800329,932,1659,2591,0.6402933230412968
06037800330,50,277,327,0.8470948012232415
06037800331,27,190,217,0.8755760368663594
06037800332,328,1937,2265,0.8551876379690949
06037800406,194,787,981,0.8022426095820592
06037800408,749,2384,3133,0.7609320140440472
06037800410,132,460,592,0.777027027027027
06037800504,402,748,1150,0.6504347826086957
06037800506,317,1067,1384,0.7709537572254336
06037900102,59,215,274,0.7846715328467153
06037900103,328,1344,1672,0.8038277511961722
06037900104,271,1426,1697,0.8403064230995875
06037900201,107,314,421,0.7458432304038005
06037900300,286,940,1226,0.766721044045677
06037900501,502,1467,1969,0.7450482478415439
06037900504,527,1480,2007,0.737419033383159
06037900505,345,797,1142,0.6978984238178634
06037900506,348,934,1282,0.7285491419656787
06037900507,714,1552,2266,0.6849073256840247
06037900508,238,811,1049,0.773117254528122
06037900602,522,1034,1556,0.6645244215938303
06037900605,700,1515,2215,0.6839729119638827
06037900606,360,755,1115,0.6771300448430493
06037900607,356,804,1160,0.6931034482758621
06037900608,220,764,984,0.7764227642276422
06037900609,518,946,1464,0.6461748633879781
06037900701,566,1149,1715,0.6699708454810496
06037900703,978,772,1750,0.44114285714285717
06037900704,1074,349,1423,0.24525650035137034
06037900705,904,827,1731,0.4777585210860774
06037900803,429,1999,2428,0.8233113673805601
06037900804,325,746,1071,0.6965452847805789
06037900805,285,1108,1393,0.7954055994256999
06037900806,1171,858,2029,0.4228684080827994
06037900900,291,1114,1405,0.79288256227758
06037901004,676,3069,3745,0.8194926568758344
06037901007,121,516,637,0.8100470957613815
06037901008,230,678,908,0.7466960352422908
06037901009,541,1278,1819,0.702583837273227
06037901010,476,1338,1814,0.7375964718853363
06037901011,767,1221,1988,0.614185110663984
06037901101,393,1342,1735,0.7734870317002882
06037901102,436,1393,1829,0.7616183706943686
06037901205,1014,2706,3720,0.7274193548387097
06037901209,110,456,566,0.8056537102473498
06037901210,101,538,639,0.8419405320813772
06037901213,158,1102,1260,0.8746031746031746
06037910001,287,1296,1583,0.8186986734049273
06037910002,372,1612,1984,0.8125
06037910101,173,273,446,0.6121076233183856
06037910201,381,983,1364,0.7206744868035191
06037910202,232,1362,1594,0.8544542032622334
06037910205,76,342,418,0.8181818181818182
06037910206,163,894,1057,0.8457899716177862
06037910207,278,1417,1695,0.8359882005899705
06037910208,379,1511,1890,0.7994708994708994
06037910209,194,1162,1356,0.8569321533923304
06037910210,323,1802,2125,0.848
06037910301,205,1208,1413,0.8549186128803963
06037910302,440,1513,1953,0.774705581157194
06037910401,549,1618,2167,0.7466543608675589
06037910402,525,482,1007,0.4786494538232373
06037910403,369,193,562,0.34341637010676157
06037910404,285,790,1075,0.7348837209302326
06037910501,1428,576,2004,0.2874251497005988
06037910502,525,656,1181,0.5554614733276884
06037910504,253,933,1186,0.7866779089376054
06037910505,114,700,814,0.85995085995086
06037910601,302,1262,1564,0.8069053708439897
06037910602,630,727,1357,0.5357406042741342
06037910603,516,1506,2022,0.744807121661721
06037910605,308,921,1229,0.7493897477624084
06037910606,139,656,795,0.8251572327044026
06037910705,357,2360,2717,0.868605079131395
06037910706,274,1199,1473,0.8139850644942295
06037910707,568,949,1517,0.6255767963085036
06037910709,74,458,532,0.8609022556390977
06037910711,483,1716,2199,0.7803547066848567
06037910712,75,552,627,0.8803827751196173
06037910713,215,1201,1416,0.8481638418079096
06037910714,148,753,901,0.8357380688124306
06037910715,353,1527,1880,0.8122340425531915
06037910716,304,1381,1685,0.8195845697329377
06037910804,175,894,1069,0.8362956033676333
06037910805,218,1336,1554,0.8597168597168597
06037910807,486,1445,1931,0.7483169342309685
06037910808,126,950,1076,0.8828996282527881
06037910809,80,631,711,0.8874824191279888
06037910810,89,627,716,0.8756983240223464
06037910811,1,40,41,0.975609756097561
06037910812,23,116,139,0.8345323741007195
06037910813,172,1093,1265,0.8640316205533597
06037911001,272,1244,1516,0.820580474934037
06037920011,7,40,47,0.851063829787234
06037920012,87,377,464,0.8125
06037920013,426,1799,2225,0.8085393258426966
06037920015,381,1631,2012,0.8106361829025845
06037920016,170,1001,1171,0.8548249359521777
06037920017,269,982,1251,0.7849720223820943
06037920018,87,609,696,0.875
06037920020,399,1577,1976,0.7980769230769231
06037920023,202,531,733,0.7244201909959073
06037920026,16,85,101,0.8415841584158416
06037920028,411,1703,2114,0.8055818353831599
06037920029,855,1000,1855,0.5390835579514824
06037920030,400,1290,1690,0.7633136094674556
06037920031,629,1365,1994,0.6845536609829489
06037920032,136,895,1031,0.8680892337536372
06037920033,49,107,156,0.6858974358974359
06037920034,264,820,1084,0.7564575645756457
06037920035,576,1551,2127,0.7291960507757405
06037920036,268,660,928,0.7112068965517241
06037920037,2132,970,3102,0.3127014829142489
06037920038,340,274,614,0.44625407166123776
06037920039,161,477,638,0.7476489028213166
06037920040,385,856,1241,0.6897663174858985
06037920041,238,222,460,0.4826086956521739
06037920042,1029,1307,2336,0.5595034246575342
06037920043,439,1579,2018,0.7824578790882062
06037920044,222,610,832,0.7331730769230769
06037920045,216,1126,1342,0.8390461997019374
06037920102,578,1228,1806,0.6799557032115172
06037920104,109,741,850,0.8717647058823529
06037920106,153,762,915,0.8327868852459016
06037920107,321,1351,1672,0.8080143540669856
06037920108,478,1271,1749,0.7267009719839909
06037920109,622,1457,2079,0.7008177008177008
06037920110,289,692,981,0.7054026503567788
06037920111,118,776,894,0.8680089485458613
06037920112,390,1088,1478,0.7361299052774019
06037920114,928,1330,2258,0.5890168290522586
06037920115,499,1019,1518,0.6712779973649539
06037920116,292,1348,1640,0.8219512195121951
06037920118,215,1588,1803,0.8807542983915696
06037920119,67,470,537,0.8752327746741154
06037920303,299,323,622,0.5192926045016077
06037920312,899,1202,2101,0.5721085197524988
06037920313,296,1234,1530,0.8065359477124183
06037920314,272,663,935,0.7090909090909091
06037920322,237,759,996,0.7620481927710844
06037920326,1086,1360,2446,0.5560098119378577
06037920328,392,443,835,0.5305389221556887
06037920329,1366,1576,2942,0.5356900067980965
06037920330,584,954,1538,0.6202860858257477
06037920331,269,978,1247,0.7842822774659182
06037920332,220,362,582,0.6219931271477663
06037920334,719,1465,2184,0.6707875457875457
06037920336,796,848,1644,0.5158150851581509
06037920337,1098,817,1915,0.4266318537859008
06037920338,315,1426,1741,0.8190695002871913
06037920339,648,1735,2383,0.7280738564834243
06037930101,7,28,35,0.8
06037930200,34,113,147,0.7687074829931972
06037930301,29,166,195,0.8512820512820513
06037980008,10,7,17,0.4117647058823529
06037980010,24,32,56,0.5714285714285714
06037980014,4,1,5,0.2
06037980015,256,94,350,0.26857142857142857
06037980019,30,35,65,0.5384615384615384
06037980021,1,7,8,0.875
06037980024,20,55,75,0.7333333333333333
06037980026,NA,4,NA,NA
06037980031,17,7,24,0.2916666666666667
06037980033,14,2,16,0.125
06039000102,351,1444,1795,0.8044568245125349
06039000103,521,1566,2087,0.7503593675131768
06039000104,323,1361,1684,0.8081947743467933
06039000106,287,1786,2073,0.8615533043897733
06039000108,650,2164,2814,0.7690120824449183
06039000109,176,670,846,0.7919621749408984
06039000201,106,326,432,0.7546296296296297
06039000202,386,1415,1801,0.7856746252082176
06039000300,725,1644,2369,0.6939636977627691
06039000400,81,270,351,0.7692307692307693
06039000502,960,2196,3156,0.6958174904942965
06039000503,800,2165,2965,0.730185497470489
06039000506,222,1368,1590,0.8603773584905661
06039000507,416,2233,2649,0.8429596073990185
06039000508,344,1565,1909,0.819800942902043
06039000509,284,1783,2067,0.8626028059990324
06039000602,511,773,1284,0.6020249221183801
06039000603,585,884,1469,0.6017699115044248
06039000604,493,869,1362,0.6380323054331865
06039000700,971,3057,4028,0.7589374379344588
06039000800,854,1120,1974,0.5673758865248227
06039000900,848,1676,2524,0.6640253565768621
06039001000,254,1398,1652,0.8462469733656174
06041101100,155,943,1098,0.8588342440801457
06041101200,194,992,1186,0.836424957841484
06041102100,227,778,1005,0.7741293532338308
06041102202,554,1806,2360,0.7652542372881356
06041102203,965,1236,2201,0.5615629259427533
06041103100,394,2518,2912,0.8646978021978022
06041103200,971,1894,2865,0.6610820244328097
06041104101,1065,2218,3283,0.675601583917149
06041104102,977,1239,2216,0.5591155234657039
06041104200,972,1573,2545,0.6180746561886051
06041104300,93,572,665,0.8601503759398497
06041105000,949,1841,2790,0.6598566308243727
06041106001,1219,919,2138,0.42984097287184286
06041106002,553,1682,2235,0.752572706935123
06041107000,407,2019,2426,0.8322341302555647
06041108100,558,2080,2638,0.7884761182714177
06041108200,1368,1543,2911,0.5300583991755411
06041109001,811,1008,1819,0.554150632215503
06041109002,600,1135,1735,0.654178674351585
06041110100,843,1523,2366,0.6437024513947591
06041110200,346,1829,2175,0.840919540229885
06041111000,1532,1272,2804,0.4536376604850214
06041112100,695,1186,1881,0.6305156831472621
06041112201,1340,550,1890,0.291005291005291
06041112202,695,628,1323,0.47467876039304613
06041113000,277,1208,1485,0.8134680134680135
06041114100,521,1696,2217,0.7649977447000451
06041114200,522,918,1440,0.6375
06041115000,504,2164,2668,0.8110944527736131
06041116000,303,1006,1309,0.7685255920550038
06041117000,694,1275,1969,0.6475368207211782
06041118100,119,693,812,0.853448275862069
06041119100,403,1471,1874,0.7849519743863393
06041119201,1263,617,1880,0.3281914893617021
06041119202,145,1057,1202,0.8793677204658902
06041120000,930,1748,2678,0.6527259148618372
06041121100,697,1537,2234,0.6880035810205909
06041121200,998,1474,2472,0.5962783171521036
06041123000,177,713,890,0.801123595505618
06041124100,694,1593,2287,0.6965456930476607
06041124200,1016,1504,2520,0.5968253968253968
06041125000,884,991,1875,0.5285333333333333
06041126100,490,1977,2467,0.8013781921361978
06041126200,874,1079,1953,0.5524833589349718
06041127000,402,1557,1959,0.7947932618683001
06041128100,663,2200,2863,0.7684247293049249
06041128200,361,1557,1918,0.8117831074035453
06041129000,802,427,1229,0.34743694060211555
06041130201,791,1043,1834,0.5687022900763359
06041130202,1082,1413,2495,0.5663326653306613
06041131100,156,292,448,0.6517857142857143
06041132100,188,725,913,0.7940854326396495
06041132200,149,725,874,0.8295194508009154
06041133000,264,936,1200,0.78
06043000101,538,1280,1818,0.7040704070407041
06043000102,276,927,1203,0.770573566084788
06043000200,320,1112,1432,0.776536312849162
06043000301,362,1228,1590,0.7723270440251573
06043000302,189,982,1171,0.838599487617421
06043000400,219,210,429,0.48951048951048953
06045010100,175,845,1020,0.8284313725490197
06045010200,366,1316,1682,0.7824019024970273
06045010300,349,1430,1779,0.8038223721191681
06045010400,385,987,1372,0.7193877551020408
06045010500,720,1061,1781,0.5957327344188658
06045010600,645,2132,2777,0.7677349657904213
06045010700,925,1459,2384,0.611996644295302
06045010801,341,1692,2033,0.8322675848499754
06045010802,144,592,736,0.8043478260869565
06045010900,403,1302,1705,0.7636363636363637
06045011001,191,837,1028,0.8142023346303502
06045011002,559,2169,2728,0.7950879765395894
06045011102,361,1518,1879,0.8078765300691857
06045011200,258,777,1035,0.7507246376811594
06045011300,807,1249,2056,0.6074902723735408
06045011400,254,1471,1725,0.8527536231884058
06045011500,826,1459,2285,0.6385120350109409
06045011600,1068,1146,2214,0.5176151761517616
06045011700,335,1092,1427,0.7652417659425368
06045011800,174,588,762,0.7716535433070866
06047000201,261,913,1174,0.7776831345826235
06047000202,144,411,555,0.7405405405405405
06047000203,488,2014,2502,0.8049560351718625
06047000301,358,1018,1376,0.7398255813953488
06047000303,178,590,768,0.7682291666666666
06047000304,712,1926,2638,0.730098559514784
06047000401,152,388,540,0.7185185185185186
06047000402,728,2410,3138,0.7680050987890376
06047000503,157,500,657,0.76103500761035
06047000504,528,1383,1911,0.7237048665620094
06047000505,441,1369,1810,0.7563535911602209
06047000601,527,1172,1699,0.6898175397292525
06047000602,324,838,1162,0.7211703958691911
06047000603,650,1236,1886,0.6553552492046659
06047000701,346,651,997,0.6529588766298897
06047000702,271,1656,1927,0.8593668915412558
06047000801,662,1038,1700,0.6105882352941177
06047000802,279,1132,1411,0.8022678951098512
06047000901,248,775,1023,0.7575757575757576
06047000902,557,2022,2579,0.7840248158200853
06047001002,1272,3057,4329,0.7061677061677062
06047001003,725,707,1432,0.4937150837988827
06047001004,1123,594,1717,0.3459522422830518
06047001005,467,467,934,0.5
06047001101,514,1556,2070,0.7516908212560387
06047001200,393,1416,1809,0.7827529021558872
06047001301,422,736,1158,0.6355785837651122
06047001302,554,580,1134,0.5114638447971781
06047001401,498,908,1406,0.6458036984352774
06047001402,422,1115,1537,0.7254391672088484
06047001501,121,584,705,0.8283687943262411
06047001502,247,448,695,0.6446043165467625
06047001503,587,582,1169,0.49786142001710865
06047001601,604,462,1066,0.4333958724202627
06047001602,440,1254,1694,0.7402597402597403
06047001700,656,1291,1947,0.6630713918849512
06047001801,172,941,1113,0.8454627133872417
06047001901,349,1260,1609,0.7830950901180858
06047001902,162,600,762,0.7874015748031497
06047002000,719,2104,2823,0.7453064116188453
06047002100,324,841,1165,0.7218884120171674
06047002201,697,1296,1993,0.650275965880582
06047002202,508,2091,2599,0.8045402077722201
06047002301,314,1896,2210,0.857918552036199
06047002302,977,3099,4076,0.7603042198233563
06047002401,138,418,556,0.7517985611510791
06047002402,501,1758,2259,0.7782204515272244
06047002500,182,604,786,0.7684478371501272
06047002600,352,1450,1802,0.804661487236404
06049000100,327,1103,1430,0.7713286713286713
06049000200,134,509,643,0.7916018662519441
06049000300,163,819,982,0.8340122199592668
06049000400,107,454,561,0.8092691622103387
06051000101,221,1030,1251,0.8233413269384492
06051000102,234,766,1000,0.766
06051000200,1223,1291,2514,0.5135242641209228
06053000101,119,408,527,0.7741935483870968
06053000102,415,1833,2248,0.8153914590747331
06053000103,650,698,1348,0.5178041543026706
06053000104,162,773,935,0.8267379679144385
06053000200,501,1258,1759,0.7151790790221717
06053000300,327,1002,1329,0.7539503386004515
06053000400,1312,1096,2408,0.45514950166112955
06053000501,599,532,1131,0.47038019451812557
06053000502,352,623,975,0.638974358974359
06053000600,594,900,1494,0.6024096385542169
06053000701,541,677,1218,0.5558292282430214
06053000702,720,515,1235,0.41700404858299595
06053000800,428,773,1201,0.6436303080766028
06053000900,581,648,1229,0.5272579332790887
06053001200,248,821,1069,0.7680074836295603
06053001300,616,343,959,0.35766423357664234
06053001400,298,698,996,0.7008032128514057
06053001500,1211,1358,2569,0.5286103542234333
06053001600,237,670,907,0.7386990077177509
06053001700,513,704,1217,0.5784716516023007
06053001801,260,889,1149,0.7737162750217581
06053001802,846,765,1611,0.4748603351955307
06053010101,392,615,1007,0.6107249255213505
06053010102,162,818,980,0.8346938775510204
06053010202,246,1056,1302,0.8110599078341014
06053010305,203,1204,1407,0.8557213930348259
06053010306,152,397,549,0.7231329690346083
06053010400,559,894,1453,0.6152787336545079
06053010501,358,1765,2123,0.8313707018370231
06053010504,600,843,1443,0.5841995841995842
06053010505,632,886,1518,0.5836627140974967
06053010506,715,554,1269,0.43656422379826637
06053010603,498,1506,2004,0.7514970059880239
06053010604,322,995,1317,0.7555049354593774
06053010605,267,656,923,0.7107258938244854
06053010606,450,1146,1596,0.7180451127819549
06053010607,414,382,796,0.4798994974874372
06053010608,318,233,551,0.42286751361161523
06053010701,362,2039,2401,0.8492294877134527
06053010702,192,1174,1366,0.8594436310395315
06053010804,570,820,1390,0.5899280575539568
06053010900,NA,12,NA,NA
06053011000,545,1847,2392,0.7721571906354515
06053011101,444,842,1286,0.6547433903576982
06053011102,648,2135,2783,0.7671577434423285
06053011202,395,1181,1576,0.7493654822335025
06053011203,506,954,1460,0.6534246575342466
06053011204,273,600,873,0.6872852233676976
06053011302,559,863,1422,0.6068917018284107
06053011303,259,974,1233,0.7899432278994323
06053011304,517,1248,1765,0.7070821529745043
06053011400,289,875,1164,0.7517182130584192
06053011502,231,485,716,0.6773743016759777
06053011602,793,1723,2516,0.6848171701112877
06053011604,291,712,1003,0.7098703888334995
06053011700,224,1370,1594,0.8594730238393977
06053011801,313,722,1035,0.6975845410628019
06053011802,186,706,892,0.7914798206278026
06053011900,227,1428,1655,0.8628398791540786
06053012000,545,925,1470,0.6292517006802721
06053012100,295,618,913,0.6768893756845564
06053012200,428,826,1254,0.6586921850079744
06053012302,399,562,961,0.5848074921956296
06053012401,401,548,949,0.5774499473129611
06053012402,499,793,1292,0.6137770897832817
06053012502,999,1327,2326,0.5705073086844368
06053012600,35,25,60,0.4166666666666667
06053012700,897,882,1779,0.4957841483979764
06053012800,578,1705,2283,0.7468243539202803
06053013000,1148,665,1813,0.3667953667953668
06053013100,297,335,632,0.5300632911392406
06053013200,276,1369,1645,0.8322188449848025
06053013300,1411,1145,2556,0.44796557120500785
06053013400,139,511,650,0.7861538461538462
06053013500,539,1248,1787,0.6983771684387241
06053013600,598,850,1448,0.5870165745856354
06053013700,583,817,1400,0.5835714285714285
06053013800,366,1374,1740,0.7896551724137931
06053013900,241,689,930,0.7408602150537634
06053014000,268,565,833,0.6782713085234093
06053014102,651,419,1070,0.39158878504672895
06053014105,758,559,1317,0.42444950645406226
06053014107,1201,1456,2657,0.5479864508844562
06053014201,645,1177,1822,0.645993413830955
06053014202,945,803,1748,0.4593821510297483
06053014301,596,886,1482,0.5978407557354926
06053014302,703,955,1658,0.5759951749095296
06053014500,483,1017,1500,0.678
06053014601,274,971,1245,0.7799196787148595
06053014700,558,1573,2131,0.7381511027686533
06053014800,409,1109,1518,0.730566534914361
06055200201,443,817,1260,0.6484126984126984
06055200202,494,543,1037,0.523625843780135
06055200203,246,545,791,0.6890012642225032
06055200301,723,1127,1850,0.6091891891891892
06055200302,180,735,915,0.8032786885245902
06055200400,340,1161,1501,0.7734843437708194
06055200501,601,1003,1604,0.6253117206982544
06055200503,307,404,711,0.5682137834036568
06055200504,802,1237,2039,0.6066699362432565
06055200505,566,405,971,0.41709577754891863
06055200601,246,1320,1566,0.842911877394636
06055200602,623,1128,1751,0.6442033123929183
06055200703,144,995,1139,0.8735733099209834
06055200704,515,1214,1729,0.70213996529786
06055200705,398,629,1027,0.6124634858812074
06055200706,168,948,1116,0.8494623655913979
06055200707,435,885,1320,0.6704545454545454
06055200802,910,1401,2311,0.6062310688013847
06055200803,231,623,854,0.7295081967213115
06055200804,548,1062,1610,0.6596273291925466
06055200900,31,18,49,0.3673469387755102
06055201003,393,956,1349,0.7086730911786508
06055201004,437,1307,1744,0.7494266055045872
06055201005,95,508,603,0.8424543946932007
06055201006,124,719,843,0.8529062870699882
06055201007,161,851,1012,0.8409090909090909
06055201101,113,665,778,0.8547557840616966
06055201102,114,603,717,0.8410041841004184
06055201200,492,1563,2055,0.7605839416058394
06055201300,532,840,1372,0.6122448979591837
06055201401,180,1008,1188,0.8484848484848485
06055201402,182,1024,1206,0.8490878938640133
06055201403,35,222,257,0.8638132295719845
06055201500,122,595,717,0.8298465829846583
06055201601,410,716,1126,0.6358792184724689
06055201602,455,1121,1576,0.7112944162436549
06055201700,369,1222,1591,0.7680703959773727
06055201800,131,603,734,0.8215258855585831
06055201900,99,463,562,0.8238434163701067
06055202000,689,1435,2124,0.6756120527306968
06057000102,411,2370,2781,0.8522114347357066
06057000103,490,2642,3132,0.8435504469987228
06057000104,385,1092,1477,0.7393364928909952
06057000105,149,967,1116,0.8664874551971327
06057000200,136,894,1030,0.8679611650485437
06057000300,162,890,1052,0.8460076045627376
06057000401,382,2107,2489,0.8465247087183608
06057000402,467,1963,2430,0.8078189300411522
06057000501,963,1820,2783,0.6539705353934603
06057000502,674,1453,2127,0.6831217677480019
06057000600,1402,1590,2992,0.5314171122994652
06057000701,474,2588,3062,0.8451992161985631
06057000702,255,1319,1574,0.837992376111817
06057000801,288,1759,2047,0.8593063019052272
06057000802,743,2324,3067,0.7577437235083143
06057000900,309,1261,1570,0.8031847133757962
06057001203,217,792,1009,0.7849355797819624
06057001204,159,824,983,0.8382502543234995
06057001205,245,1511,1756,0.8604783599088838
06057001206,672,1706,2378,0.7174095878889823
06059001101,363,1097,1460,0.7513698630136987
06059001102,353,707,1060,0.6669811320754717
06059001103,603,766,1369,0.5595325054784515
06059001201,695,732,1427,0.5129642606867554
06059001202,315,586,901,0.6503884572697003
06059001301,1101,1517,2618,0.579449961802903
06059001303,704,1070,1774,0.6031567080045096
06059001304,487,611,1098,0.5564663023679417
06059001401,546,848,1394,0.6083213773314203
06059001402,530,954,1484,0.6428571428571429
06059001403,126,838,964,0.8692946058091287
06059001404,249,706,955,0.7392670157068063
06059001501,616,1717,2333,0.7359622803257608
06059001503,565,1111,1676,0.6628878281622912
06059001504,709,995,1704,0.5839201877934272
06059001505,640,1744,2384,0.7315436241610739
06059001506,509,1105,1614,0.684634448574969
06059001507,1068,875,1943,0.4503345342254246
06059001601,862,1837,2699,0.6806224527602815
06059001602,403,1365,1768,0.7720588235294118
06059001704,695,1816,2511,0.7232178414974114
06059001705,390,879,1269,0.6926713947990544
06059001706,260,1019,1279,0.7967161845191556
06059001707,576,1933,2509,0.7704264647269828
06059001708,246,980,1226,0.799347471451876
06059001801,810,740,1550,0.4774193548387097
06059001802,1039,1112,2151,0.5169688516968852
06059001901,151,651,802,0.8117206982543641
06059001902,176,598,774,0.772609819121447
06059001903,283,628,911,0.6893523600439078
06059011000,812,1633,2445,0.6678936605316973
06059011101,462,850,1312,0.6478658536585366
06059011102,255,953,1208,0.7889072847682119
06059011200,636,1002,1638,0.6117216117216118
06059011300,1174,963,2137,0.45063172671970053
06059011401,234,500,734,0.6811989100817438
06059011402,109,707,816,0.866421568627451
06059011403,808,1128,1936,0.5826446280991735
06059011502,665,775,1440,0.5381944444444444
06059011503,89,451,540,0.8351851851851851
06059011504,1409,607,2016,0.3010912698412698
06059011601,1294,1008,2302,0.43788010425716767
06059011602,665,784,1449,0.5410628019323671
06059011707,914,1459,2373,0.6148335440370839
06059011708,940,708,1648,0.42961165048543687
06059011709,223,1203,1426,0.8436185133239832
06059011710,228,947,1175,0.8059574468085107
06059011711,1667,977,2644,0.3695158850226929
06059011712,638,950,1588,0.5982367758186398
06059011714,294,100,394,0.25380710659898476
06059011715,672,1792,2464,0.7272727272727273
06059011716,322,1302,1624,0.8017241379310345
06059011717,208,695,903,0.769656699889258
06059011718,152,918,1070,0.8579439252336448
06059011720,792,713,1505,0.47375415282392025
06059011721,800,673,1473,0.45689069925322473
06059011722,468,586,1054,0.5559772296015181
06059021802,967,1610,2577,0.6247574699262709
06059021807,334,1028,1362,0.7547723935389133
06059021809,240,839,1079,0.7775718257645968
06059021810,185,982,1167,0.8414738646101114
06059021812,642,1464,2106,0.6951566951566952
06059021813,NA,4,NA,NA
06059021814,963,1639,2602,0.6299000768639508
06059021815,961,2912,3873,0.7518719339013684
06059021816,327,1397,1724,0.8103248259860789
06059021817,324,948,1272,0.7452830188679245
06059021820,257,1150,1407,0.8173418621179815
06059021821,1085,1493,2578,0.5791311093871218
06059021822,566,2436,3002,0.8114590273151232
06059021823,189,1127,1316,0.8563829787234043
06059021824,111,739,850,0.8694117647058823
06059021825,210,857,1067,0.8031865042174321
06059021826,489,581,1070,0.5429906542056074
06059021827,232,756,988,0.7651821862348178
06059021828,165,1159,1324,0.8753776435045317
06059021829,247,1495,1742,0.8582089552238806
06059021830,263,1773,2036,0.8708251473477406
06059021903,178,1012,1190,0.8504201680672269
06059021905,257,1500,1757,0.8537279453614115
06059021912,226,1261,1487,0.8480161398789509
06059021913,509,1394,1903,0.7325275880189175
06059021914,377,996,1373,0.7254187909686817
06059021915,232,1170,1402,0.8345221112696148
06059021916,384,920,1304,0.7055214723926381
06059021917,183,920,1103,0.8340888485947416
06059021918,518,1161,1679,0.6914830256104825
06059021919,182,800,982,0.814663951120163
06059021920,537,2027,2564,0.7905616224648986
06059021921,179,1276,1455,0.8769759450171821
06059021922,914,1336,2250,0.5937777777777777
06059021923,670,1731,2401,0.7209496043315285
06059021924,427,1016,1443,0.704088704088704
06059032002,330,1732,2062,0.8399612027158099
06059032003,187,1360,1547,0.8791208791208791
06059032011,90,573,663,0.8642533936651584
06059032012,252,1034,1286,0.8040435458786936
06059032013,1002,1190,2192,0.5428832116788321
06059032014,889,1198,2087,0.5740297077144226
06059032015,358,1548,1906,0.8121720881427072
06059032020,307,1610,1917,0.8398539384454877
06059032022,1010,1113,2123,0.52425812529439475
06059032023,1051,3847,4898,0.7854226214781543
06059032027,853,1295,2148,0.6028864059590316
06059032028,497,761,1258,0.6049284578696343
06059032029,295,1142,1437,0.7947112038970077
06059032030,177,1117,1294,0.8632148377125193
06059032031,178,1010,1188,0.8501683501683501
06059032032,122,883,1005,0.8786069651741294
06059032033,612,807,1419,0.5687103594080338
06059032034,232,1590,1822,0.8726673984632273
06059032035,291,664,955,0.6952879581151833
06059032036,278,1012,1290,0.7844961240310078
06059032037,395,2052,2447,0.8385778504290968
06059032038,310,1787,2097,0.8521697663328565
06059032039,590,1543,2133,0.7233942803563057
06059032040,110,774,884,0.8755656108597285
06059032041,69,296,365,0.810958904109589
06059032042,374,1397,1771,0.7888198757763976
06059032043,151,1078,1229,0.8771358828315704
06059032044,295,1704,1999,0.8524262131065533
06059032045,194,812,1006,0.8071570576540755
06059032046,276,1629,1905,0.8551181102362204
06059032047,1063,995,2058,0.4834791059280855
06059032048,392,1817,2209,0.822544137618832
06059032049,922,2159,3081,0.7007465108730931
06059032050,398,1328,1726,0.7694090382387022
06059032051,1052,889,1941,0.45801133436373004
06059032053,1148,1943,3091,0.6285991588482692
06059032054,1278,1050,2328,0.45103092783505155
06059032055,619,762,1381,0.5517740767559739
06059032056,971,2579,3550,0.7264788732394366
06059032057,862,1897,2759,0.6875679594055817
06059032058,487,1893,2380,0.7953781512605042
06059032059,929,2096,3025,0.692892561983471
06059032061,353,1570,1923,0.8164326573062922
06059042103,1130,1838,2968,0.6192722371967655
06059042106,161,545,706,0.7719546742209632
06059042107,701,661,1362,0.4853157121879589
06059042108,1504,876,2380,0.3680672268907563
06059042109,760,1269,2029,0.6254312469196649
06059042111,321,1887,2208,0.8546195652173914
06059042112,390,1923,2313,0.8313878080415046
06059042113,364,1448,1812,0.7991169977924945
06059042114,558,961,1519,0.6326530612244898
06059042201,750,1647,2397,0.6871088861076345
06059042203,720,2433,3153,0.7716460513796385
06059042205,604,1863,2467,0.7551682205107418
06059042206,594,955,1549,0.6165267914783732
06059042305,242,1123,1365,0.8227106227106227
06059042307,497,1708,2205,0.7746031746031746
06059042310,1285,2120,3405,0.6226138032305433
06059042311,424,1873,2297,0.8154114061819765
06059042312,1094,1370,2464,0.5560064935064936
06059042313,1599,1372,2971,0.46179737462133963
06059042315,829,1585,2414,0.6565865782932891
06059042317,388,882,1270,0.694488188976378
06059042319,169,995,1164,0.8548109965635738
06059042320,1372,1160,2532,0.45813586097946285
06059042323,705,1543,2248,0.6863879003558719
06059042324,766,1498,2264,0.661660777385159
06059042325,507,1016,1523,0.6671043992120814
06059042326,579,1215,1794,0.677257525083612
06059042327,262,1412,1674,0.8434886499402628
06059042328,104,692,796,0.8693467336683417
06059042329,315,1147,1462,0.7845417236662107
06059042330,996,1323,2319,0.5705045278137129
06059042331,866,1313,2179,0.6025699862322166
06059042332,634,1599,2233,0.716077026421854
06059042333,410,1124,1534,0.7327249022164276
06059042334,792,1231,2023,0.6085022244191794
06059042335,1062,1488,2550,0.5835294117647059
06059042336,258,1255,1513,0.829477858559154
06059042337,301,991,1292,0.7670278637770898
06059042338,543,1439,1982,0.7260343087790111
06059042339,632,847,1479,0.572684246112238
06059052404,388,862,1250,0.6896
06059052408,354,1772,2126,0.8334901222953904
06059052410,733,1520,2253,0.6746560142032845
06059052411,312,1038,1350,0.7688888888888888
06059052415,188,1129,1317,0.8572513287775246
06059052416,320,995,1315,0.7566539923954373
06059052417,709,2155,2864,0.7524441340782123
06059052418,4527,3796,8323,0.45608554607713564
06059052419,208,899,1107,0.8121047877145439
06059052420,2238,5563,7801,0.7131137033713626
06059052421,580,1394,1974,0.7061803444782169
06059052422,1165,2089,3254,0.641979102642901
06059052423,1114,1135,2249,0.5046687416629613
06059052424,851,1091,1942,0.5617919670442842
06059052425,947,1374,2321,0.5919862128392934
06059052426,2613,4601,7214,0.6377876351538675
06059052427,449,1369,1818,0.753025302530253
06059052428,611,1648,2259,0.7295263390880921
06059052502,363,1516,1879,0.8068121341138904
06059052505,718,1197,1915,0.625065274151436
06059052506,154,680,834,0.815347721822542
06059052511,706,1499,2205,0.6798185941043083
06059052513,877,1313,2190,0.5995433789954338
06059052514,874,1260,2134,0.5904404873477038
06059052515,1378,1747,3125,0.55904
06059052517,1996,2288,4284,0.5340802987861811
06059052518,2858,950,3808,0.2494747899159664
06059052519,752,838,1590,0.5270440251572327
06059052520,442,870,1312,0.663109756097561
06059052521,1463,722,2185,0.33043478260869563
06059052522,458,921,1379,0.6678752719361857
06059052523,626,878,1504,0.5837765957446809
06059052524,1436,1372,2808,0.4886039886039886
06059052525,2738,4349,7087,0.6136588119091294
06059052526,242,1120,1362,0.8223201174743024
06059052527,691,2007,2698,0.7438843587842846
06059052528,433,840,1273,0.6598586017282011
06059062604,1810,4036,5846,0.6903865891207663
06059062605,892,826,1718,0.4807916181606519
06059062610,4018,1545,5563,0.2777278446881179
06059062611,1048,593,1641,0.36136502132845827
06059062612,949,1965,2914,0.6743308167467399
06059062614,2423,1548,3971,0.3898262402417527
06059062619,421,1260,1681,0.7495538370017847
06059062620,463,1751,2214,0.7908762420957542
06059062621,1964,2659,4623,0.5751676400605668
06059062622,1562,973,2535,0.3838264299802761
06059062625,1006,954,1960,0.48673469387755103
06059062626,587,321,908,0.3535242290748899
06059062627,902,512,1414,0.3620933521923621
06059062628,440,485,925,0.5243243243243243
06059062629,138,724,862,0.839907192575406
06059062630,212,510,722,0.7063711911357341
06059062631,251,927,1178,0.7869269949066214
06059062632,452,1251,1703,0.7345860246623606
06059062633,291,1522,1813,0.839492553778268
06059062634,527,1405,1932,0.7272256728778468
06059062635,503,1134,1637,0.6927306047648136
06059062636,747,665,1412,0.4709631728045326
06059062637,1456,871,2327,0.3743016759776536
06059062638,970,1433,2403,0.5963379109446525
06059062639,821,1798,2619,0.6865215731195112
06059062640,806,765,1571,0.486950986632718
06059062641,921,1103,2024,0.5449604743083004
06059062642,258,1035,1293,0.8004640371229699
06059062643,439,2314,2753,0.8405375953505267
06059062644,1368,1908,3276,0.5824175824175825
06059062645,789,1804,2593,0.6957192441187814
06059062646,1366,1059,2425,0.4367010309278351
06059062647,1355,996,2351,0.4236495108464483
06059062648,993,869,1862,0.46670247046186897
06059062649,1037,829,1866,0.4442658092175777
06059062701,397,967,1364,0.7089442815249267
06059062702,705,1363,2068,0.6590909090909091
06059062800,774,895,1669,0.536249251048532
06059062900,119,587,706,0.8314447592067988
06059063004,1758,1513,3271,0.4625496789972485
06059063005,416,374,790,0.47341772151898737
06059063006,352,943,1295,0.7281853281853282
06059063007,1151,1693,2844,0.5952883263009845
06059063008,409,244,653,0.37366003062787134
06059063009,141,580,721,0.8044382801664355
06059063010,1479,1558,3037,0.5130062561738558
06059063101,679,609,1288,0.47282608695652173
06059063102,1165,1641,2806,0.5848182466143977
06059063103,324,729,1053,0.6923076923076923
06059063201,674,967,1641,0.5892748324192566
06059063202,537,961,1498,0.6415220293724967
06059063301,812,614,1426,0.4305750350631136
06059063302,526,1191,1717,0.6936517181129878
06059063400,501,1407,1908,0.7374213836477987
06059063500,1202,1453,2655,0.5472693032015066
06059063601,380,1025,1405,0.7295373665480427
06059063603,1563,1371,2934,0.467280163599182
06059063604,816,775,1591,0.4871150219987429
06059063605,901,524,1425,0.36771929824561406
06059063701,947,674,1621,0.41579272054287475
06059063702,1107,874,1981,0.44119131751640583
06059063802,216,784,1000,0.784
06059063803,606,1092,1698,0.6431095406360424
06059063805,186,690,876,0.7876712328767124
06059063806,466,928,1394,0.6657101865136298
06059063807,1400,707,2107,0.33554817275747506
06059063808,819,728,1547,0.47058823529411764
06059063902,1495,1059,2554,0.41464369616288177
06059063903,292,782,1074,0.7281191806331471
06059063904,444,818,1262,0.6481774960380349
06059063905,691,990,1681,0.5889351576442594
06059063906,1480,799,2279,0.35059236507240016
06059063907,2048,1486,3534,0.4204867006225241
06059063908,1447,1064,2511,0.4237355635205098
06059074003,732,596,1328,0.44879518072289154
06059074004,1014,1272,2286,0.5564304461942258
06059074005,648,930,1578,0.5893536121673004
06059074006,1321,662,1983,0.3338376197680282
06059074102,427,935,1362,0.6864904552129222
06059074103,168,782,950,0.8231578947368421
06059074106,1114,761,1875,0.40586666666666665
06059074107,1732,845,2577,0.32790065968180054
06059074108,182,729,911,0.8002195389681669
06059074109,227,463,690,0.6710144927536232
06059074110,135,838,973,0.8612538540596094
06059074111,372,973,1345,0.7234200743494423
06059074200,376,1382,1758,0.7861205915813424
06059074300,190,614,804,0.763681592039801
06059074403,881,450,1331,0.33809166040571
06059074405,1053,591,1644,0.3594890510948905
06059074406,373,412,785,0.5248407643312102
06059074407,1113,576,1689,0.3410301953818828
06059074408,961,612,1573,0.38906547997457086
06059074501,772,615,1387,0.4434030281182408
06059074502,303,709,1012,0.700592885375494
06059074601,583,1080,1663,0.6494287432351172
06059074602,590,1087,1677,0.6481812760882528
06059074701,432,1008,1440,0.7
06059074702,331,777,1108,0.7012635379061372
06059074801,255,738,993,0.743202416918429
06059074802,479,743,1222,0.6080196399345336
06059074803,511,1385,1896,0.7304852320675106
06059074805,635,350,985,0.3553299492385787
06059074806,333,572,905,0.6320441988950276
06059074901,818,1092,1910,0.5717277486910994
06059074902,584,636,1220,0.521311475409836
06059075002,1503,758,2261,0.335249889429456
06059075003,1142,517,1659,0.3116335141651597
06059075004,910,434,1344,0.3229166666666667
06059075100,808,1244,2052,0.6062378167641326
06059075201,351,782,1133,0.6902030008826125
06059075202,310,846,1156,0.7318339100346021
06059075301,643,950,1593,0.5963590709353421
06059075302,360,778,1138,0.6836555360281195
06059075303,321,900,1221,0.7371007371007371
06059075401,189,1015,1204,0.8430232558139535
06059075403,1235,1404,2639,0.5320197044334976
06059075404,854,1181,2035,0.5803439803439804
06059075405,441,546,987,0.5531914893617021
06059075504,508,912,1420,0.6422535211267606
06059075505,575,668,1243,0.5374094931617055
06059075506,328,809,1137,0.7115215479331575
06059075507,1054,759,1813,0.4186431329288472
06059075512,602,481,1083,0.4441366574330563
06059075513,872,635,1507,0.42136695421366954
06059075514,729,418,1147,0.3644289450741064
06059075515,4501,3152,7653,0.41186462825035935
06059075603,292,1092,1384,0.7890173410404624
06059075604,497,2291,2788,0.8217360114777619
06059075605,545,1493,2038,0.7325809617271836
06059075606,252,1806,2058,0.8775510204081632
06059075607,1189,1306,2495,0.5234468937875751
06059075701,725,1298,2023,0.6416213544241226
06059075702,217,1019,1236,0.8244336569579288
06059075703,157,1273,1430,0.8902097902097902
06059075805,445,805,1250,0.644
06059075806,878,1124,2002,0.5614385614385614
06059075807,342,843,1185,0.7113924050632912
06059075808,133,964,1097,0.8787602552415679
06059075809,109,918,1027,0.8938656280428432
06059075810,130,860,990,0.8686868686868687
06059075811,324,506,830,0.6096385542168675
06059075812,730,1139,1869,0.6094168004280364
06059075813,341,1393,1734,0.8033448673587081
06059075814,276,814,1090,0.7467889908256881
06059075815,462,1124,1586,0.7087011349306431
06059075816,593,615,1208,0.5091059602649006
06059075901,718,795,1513,0.5254461335095836
06059075902,1468,1236,2704,0.45710059171597633
06059076000,1590,1549,3139,0.49346925772539024
06059076101,2170,1579,3749,0.42117898106161644
06059076102,1220,593,1813,0.3270821842250414
06059076103,1362,1161,2523,0.460166468489893
06059076201,728,1682,2410,0.6979253112033195
06059076202,709,1256,1965,0.6391857506361324
06059076204,591,580,1171,0.49530315969257044
06059076205,470,1088,1558,0.6983311938382541
06059076206,464,1084,1548,0.7002583979328165
06059076208,606,1074,1680,0.6392857142857142
06059086301,530,1247,1777,0.7017445132245357
06059086303,1640,1205,2845,0.4235500878734622
06059086304,884,801,1685,0.47537091988130564
06059086305,168,922,1090,0.8458715596330275
06059086306,595,674,1269,0.5311268715524035
06059086402,385,1018,1403,0.7255880256593015
06059086404,579,875,1454,0.6017881705639615
06059086405,783,947,1730,0.5473988439306359
06059086406,686,661,1347,0.49072011878247956
06059086407,1009,965,1974,0.488855116514691
06059086501,366,749,1115,0.6717488789237668
06059086502,685,708,1393,0.5082555635319455
06059086601,1277,1047,2324,0.45051635111876076
06059086602,887,809,1696,0.47700471698113206
06059086701,871,1422,2293,0.6201482773658962
06059086702,986,915,1901,0.4813256180957391
06059086801,319,719,1038,0.6926782273603083
06059086802,618,848,1466,0.5784447476125512
06059086803,1288,1323,2611,0.5067024128686327
06059086901,1555,938,2493,0.37625350982751704
06059086902,706,943,1649,0.5718617343844754
06059086903,1106,935,2041,0.458108770210681
06059087001,748,777,1525,0.5095081967213114
06059087002,1214,1130,2344,0.48208191126279865
06059087101,1049,695,1744,0.3985091743119266
06059087102,1172,654,1826,0.35815991237677985
06059087103,723,1521,2244,0.6778074866310161
06059087105,680,787,1467,0.5364689843217451
06059087106,816,668,1484,0.4501347708894879
06059087200,1304,1285,2589,0.49633062958671303
06059087300,1920,1186,3106,0.381841596909208
06059087401,322,1219,1541,0.7910447761194029
06059087403,409,385,794,0.48488664987405544
06059087404,476,401,877,0.4572405929304447
06059087405,825,508,1333,0.3810952738184546
06059087503,841,849,1690,0.5023668639053255
06059087504,990,671,1661,0.40397350993377484
06059087505,680,692,1372,0.5043731778425656
06059087601,713,712,1425,0.49964912280701756
06059087602,980,1178,2158,0.5458758109360519
06059087701,646,1036,1682,0.6159334126040428
06059087703,382,1139,1521,0.7488494411571335
06059087704,368,915,1283,0.7131722525331254
06059087801,695,972,1667,0.5830833833233353
06059087802,971,1180,2151,0.5485820548582054
06059087803,759,618,1377,0.44880174291938996
06059087805,930,1001,1931,0.5183842568617296
06059087806,902,750,1652,0.4539951573849879
06059087901,543,720,1263,0.5700712589073634
06059087902,403,886,1289,0.6873545384018619
06059088001,290,893,1183,0.7548605240912933
06059088002,312,806,1118,0.7209302325581395
06059088101,275,409,684,0.597953216374269
06059088104,809,777,1586,0.48991172761664564
06059088105,238,825,1063,0.7761053621825024
06059088106,849,890,1739,0.5117883841288097
06059088107,684,1026,1710,0.6
06059088201,358,764,1122,0.6809269162210339
06059088202,192,685,877,0.7810718358038768
06059088203,652,858,1510,0.5682119205298013
06059088301,584,1114,1698,0.6560659599528857
06059088302,469,1299,1768,0.7347285067873304
06059088401,215,1116,1331,0.8384673178061608
06059088402,569,674,1243,0.5422365245374094
06059088403,752,1048,1800,0.5822222222222222
06059088501,699,1137,1836,0.619281045751634
06059088502,675,808,1483,0.5448415374241402
06059088601,1020,1244,2264,0.549469964664311
06059088602,502,795,1297,0.612952968388589
06059088701,1016,923,1939,0.47601856627127387
06059088702,542,991,1533,0.6464448793215917
06059088801,1519,1110,2629,0.4222137694941042
06059088802,624,823,1447,0.5687629578438148
06059088901,668,1079,1747,0.6176302232398397
06059088902,383,811,1194,0.6792294807370184
06059088903,624,1462,2086,0.700862895493768
06059088904,392,1096,1488,0.7365591397849462
06059088905,369,960,1329,0.7223476297968398
06059089001,509,1121,1630,0.6877300613496933
06059089003,385,503,888,0.5664414414414415
06059089004,806,1006,1812,0.5551876379690949
06059089102,542,1141,1683,0.6779560308972074
06059089104,801,580,1381,0.41998551774076753
06059089105,470,738,1208,0.6109271523178808
06059089106,498,496,994,0.49899396378269617
06059089107,244,971,1215,0.7991769547325103
06059099202,621,1466,2087,0.7024436990896022
06059099203,464,1017,1481,0.6866981769074949
06059099204,442,950,1392,0.6824712643678161
06059099212,736,1004,1740,0.5770114942528736
06059099214,360,1030,1390,0.7410071942446043
06059099215,556,1219,1775,0.6867605633802817
06059099216,380,1118,1498,0.7463284379172229
06059099217,184,681,865,0.7872832369942196
06059099220,1099,1446,2545,0.5681728880157171
06059099222,579,1033,1612,0.640818858560794
06059099223,727,992,1719,0.5770796974985457
06059099224,206,855,1061,0.8058435438265787
06059099225,145,868,1013,0.8568608094768015
06059099226,172,905,1077,0.840297121634169
06059099227,720,1146,1866,0.6141479099678456
06059099229,1053,1384,2437,0.5679113664341403
06059099230,453,1003,1456,0.6888736263736264
06059099231,230,1516,1746,0.868270332187858
06059099232,430,1474,1904,0.7741596638655462
06059099233,195,842,1037,0.8119575699132112
06059099234,265,882,1147,0.7689625108979947
06059099235,1032,1160,2192,0.5291970802919708
06059099237,190,959,1149,0.834638816362054
06059099238,188,1178,1366,0.862371888726208
06059099239,168,1116,1284,0.8691588785046729
06059099240,767,1273,2040,0.6240196078431373
06059099241,749,833,1582,0.5265486725663717
06059099242,323,838,1161,0.7217915590008613
06059099243,579,1159,1738,0.6668584579976985
06059099244,685,1048,1733,0.604731679169071
06059099245,255,833,1088,0.765625
06059099246,184,1036,1220,0.8491803278688524
06059099247,317,459,776,0.5914948453608248
06059099248,744,694,1438,0.48261474269819193
06059099249,362,492,854,0.5761124121779859
06059099250,415,629,1044,0.6024904214559387
06059099251,1224,880,2104,0.41825095057034223
06059099305,1824,1148,2972,0.38627187079407804
06059099306,1320,1354,2674,0.506357516828721
06059099307,546,651,1197,0.543859649122807
06059099308,430,1728,2158,0.8007414272474513
06059099309,1009,1204,2213,0.54405784003615
06059099310,933,960,1893,0.5071315372424723
06059099311,731,898,1629,0.5512584407612032
06059099402,1311,807,2118,0.3810198300283286
06059099404,476,1175,1651,0.7116898849182314
06059099405,682,974,1656,0.5881642512077294
06059099406,549,1135,1684,0.6739904988123515
06059099407,281,665,946,0.7029598308668076
06059099408,523,1151,1674,0.6875746714456392
06059099410,1014,687,1701,0.4038800705467372
06059099411,1217,820,2037,0.4025527736867943
06059099412,792,1107,1899,0.5829383886255924
06059099413,1544,1890,3434,0.5503785672684915
06059099415,334,1586,1920,0.8260416666666667
06059099416,1609,764,2373,0.3219553308048883
06059099417,920,1135,2055,0.5523114355231143
06059099502,115,58,173,0.3352601156069364
06059099504,132,846,978,0.8650306748466258
06059099506,182,298,480,0.6208333333333333
06059099508,1048,1004,2052,0.48927875243664715
06059099509,1359,962,2321,0.4144765187419216
06059099510,1851,1408,3259,0.43203436637005216
06059099511,911,798,1709,0.4669397308367466
06059099512,733,724,1457,0.4969114619080302
06059099513,482,653,1135,0.5753303964757709
06059099514,414,1720,2134,0.8059981255857545
06059099601,935,1042,1977,0.5270612038442084
06059099602,320,799,1119,0.7140303842716711
06059099603,545,1782,2327,0.7657928663515255
06059099604,184,1010,1194,0.8458961474036851
06059099605,789,1222,2011,0.6076578816509199
06059099701,573,1193,1766,0.6755379388448471
06059099702,862,1698,2560,0.66328125
06059099703,854,1279,2133,0.5996249413970933
06059099801,623,998,1621,0.6156693399136336
06059099802,1011,845,1856,0.4552801724137931
06059099803,775,1004,1779,0.5643620011242271
06059099902,362,908,1270,0.7149606299212599
06059099903,566,925,1491,0.6203890006706908
06059099904,997,921,1918,0.4801876955161627
06059099905,532,754,1286,0.5863141524105754
06059099906,214,1395,1609,0.8669981354878806
06059110001,321,1222,1543,0.7919637070641607
06059110003,269,849,1118,0.759391771019678
06059110004,331,1349,1680,0.8029761904761905
06059110005,165,955,1120,0.8526785714285714
06059110006,227,929,1156,0.8036332179930796
06059110007,215,1530,1745,0.8767908309455588
06059110008,530,1166,1696,0.6875
06059110010,187,1207,1394,0.8658536585365854
06059110011,243,762,1005,0.7582089552238805
06059110012,328,1519,1847,0.8224147265836491
06059110014,1160,644,1804,0.35698447893569846
06059110015,178,966,1144,0.8444055944055944
06059110102,501,1288,1789,0.7199552822806037
06059110104,651,1184,1835,0.6452316076294278
06059110106,321,857,1178,0.7275042444821732
06059110108,372,663,1035,0.6405797101449275
06059110109,736,1074,1810,0.5933701657458563
06059110110,628,1186,1814,0.6538037486218302
06059110111,505,1402,1907,0.735186156266387
06059110113,144,566,710,0.7971830985915493
06059110114,244,1203,1447,0.8313752591568763
06059110115,227,885,1112,0.795863309352518
06059110116,438,994,1432,0.6941340782122905
06059110117,884,1190,2074,0.5737704918032787
06059110118,104,651,755,0.8622516556291391
06059110201,1112,1492,2604,0.5729646697388633
06059110202,1180,1112,2292,0.4851657940663176
06059110203,535,1206,1741,0.6927053417576106
06059110301,627,1452,2079,0.6984126984126984
06059110302,429,1162,1591,0.7303582652419862
06059110303,425,1068,1493,0.7153382451440053
06059110304,234,1067,1301,0.8201383551114527
06059110401,310,1042,1352,0.7707100591715976
06059110402,622,779,1401,0.5560314061384726
06059110500,1312,1130,2442,0.46273546273546273
06059110603,1373,1031,2404,0.4288685524126456
06059110604,587,2018,2605,0.7746641074856047
06059110605,683,1526,2209,0.6908103214124038
06059110606,693,527,1220,0.4319672131147541
06059110607,543,778,1321,0.5889477668433005
06061020104,101,350,451,0.7760532150776053
06061020105,130,408,538,0.758364312267658
06061020106,130,434,564,0.7695035460992907
06061020107,399,833,1232,0.6761363636363636
06061020200,567,2166,2733,0.7925356750823271
06061020300,1044,1115,2159,0.5164427975914775
06061020401,437,595,1032,0.5765503875968992
06061020402,368,1187,1555,0.7633440514469454
06061020501,197,975,1172,0.8319112627986348
06061020502,288,1478,1766,0.8369195922989807
06061020601,333,2432,2765,0.8795660036166365
06061020602,501,2567,3068,0.8367014341590613
06061020604,483,1919,2402,0.798917568692756
06061020605,375,1812,2187,0.8285322359396433
06061020606,199,1289,1488,0.866263440860215
06061020710,301,1393,1694,0.8223140495867769
06061020711,921,919,1840,0.4994565217391304
06061020712,511,931,1442,0.6456310679611651
06061020713,523,704,1227,0.5737571312143439
06061020714,272,1117,1389,0.8041756659467243
06061020715,258,862,1120,0.7696428571428572
06061020717,513,1165,1678,0.6942789034564958
06061020805,580,1031,1611,0.6399751707014277
06061020806,536,1056,1592,0.6633165829145728
06061020901,303,762,1065,0.7154929577464789
06061020908,714,1771,2485,0.7126760563380282
06061021003,822,1625,2447,0.6640784634246015
06061021034,187,1155,1342,0.860655737704918
06061021035,461,1917,2378,0.8061396131202692
06061021037,393,554,947,0.5850052798310454
06061021038,553,1932,2485,0.7774647887323943
06061021039,135,861,996,0.8644578313253012
06061021040,387,1675,2062,0.8123181377303589
06061021043,231,924,1155,0.8
06061021044,368,1443,1811,0.7967973495306461
06061021045,377,886,1263,0.7015043547110056
06061021046,958,1063,2021,0.5259772389905987
06061021103,413,1069,1482,0.7213225371120108
06061021106,207,668,875,0.7634285714285715
06061021108,431,810,1241,0.6526994359387591
06061021109,389,1401,1790,0.78268156424581
06061021122,156,1117,1273,0.8774548311076198
06061021123,361,2282,2643,0.863412788497919
06061021128,337,771,1108,0.6958483754512635
06061021129,608,713,1321,0.5397426192278577
06061021130,722,442,1164,0.3797250859106529
06061021131,811,1221,2032,0.6008858267716536
06061021203,587,2170,2757,0.7870874138556402
06061021204,136,819,955,0.8575916230366493
06061021304,393,1827,2220,0.822972972972973
06061021309,978,3075,4053,0.7586972612879349
06061021322,1181,5368,6549,0.8196671247518705
06061021401,171,737,908,0.8116740088105727
06061021403,780,1436,2216,0.648014440433213
06061021501,621,1619,2240,0.7227678571428572
06061021502,277,1173,1450,0.8089655172413793
06061021603,999,1055,2054,0.5136319376825705
06061021604,174,1099,1273,0.8633150039277298
06061021801,247,1653,1900,0.87
06061021802,564,1842,2406,0.7655860349127181
06061021901,254,1077,1331,0.8091660405709993
06061021902,281,1641,1922,0.8537981269510926
06061022002,625,2222,2847,0.7804706708816298
06061022011,182,506,688,0.7354651162790697
06061022013,165,932,1097,0.8495897903372835
06061022014,168,426,594,0.7171717171717171
06061022100,31,228,259,0.8803088803088803
06061022200,85,207,292,0.708904109589041
06061022300,25,165,190,0.868421052631579
06061022400,568,1073,1641,0.6538695917123705
06061022500,220,1221,1441,0.8473282442748091
06061022600,995,985,1980,0.49747474747474746
06061022800,401,1143,1544,0.7402849740932642
06061022900,589,1096,1685,0.6504451038575668
06061023000,263,814,1077,0.755803156917363
06061023100,525,2272,2797,0.8122988916696461
06061023200,228,1499,1727,0.8679791546033584
06061023300,309,1486,1795,0.8278551532033426
06061023400,292,1447,1739,0.8320874065554916
06061023500,231,1600,1831,0.8738394320043692
06061023600,338,2160,2498,0.8646917534027222
06061023700,286,1653,1939,0.8525012893243941
06061023800,318,1520,1838,0.8269858541893362
06061023900,220,811,1031,0.7866149369544132
06063000100,571,1606,2177,0.7377124483233808
06063000201,140,536,676,0.7928994082840237
06063000202,100,454,554,0.8194945848375451
06063000300,500,1507,2007,0.7508719481813653
06063000400,244,955,1199,0.7964970809007507
06063000501,239,777,1016,0.764763779527559
06063000502,164,657,821,0.8002436053593179
06065030101,82,282,364,0.7747252747252747
06065030103,177,425,602,0.7059800664451827
06065030104,400,1482,1882,0.7874601487778958
06065030200,676,1092,1768,0.6176470588235294
06065030300,1029,608,1637,0.371411117898595
06065030400,519,1057,1576,0.6706852791878173
06065030501,435,892,1327,0.6721929163526752
06065030502,173,335,508,0.6594488188976378
06065030503,581,459,1040,0.44134615384615383
06065030601,262,1526,1788,0.8534675615212528
06065030602,216,951,1167,0.8149100257069408
06065030603,118,878,996,0.8815261044176707
06065030700,583,1432,2015,0.7106699751861042
06065030800,663,1683,2346,0.717391304347826
06065030900,113,724,837,0.8649940262843488
06065031001,642,1501,2143,0.7004199720018666
06065031002,267,921,1188,0.7752525252525253
06065031100,497,1161,1658,0.7002412545235223
06065031200,414,1556,1970,0.7898477157360406
06065031300,121,500,621,0.8051529790660226
06065031401,941,1190,2131,0.5584232754575317
06065031402,944,1301,2245,0.5795100222717149
06065031501,588,891,1479,0.6024340770791075
06065031502,1157,1581,2738,0.5774287801314828
06065031601,380,775,1155,0.670995670995671
06065031602,576,1099,1675,0.6561194029850747
06065031701,187,554,741,0.747638326585695
06065031702,123,562,685,0.8204379562043795
06065031703,334,797,1131,0.7046861184792219
06065031704,547,1186,1733,0.6843623773802654
06065040101,154,792,946,0.8372093023255814
06065040102,186,844,1030,0.8194174757281554
06065040201,372,1226,1598,0.7672090112640801
06065040202,220,579,799,0.7246558197747184
06065040203,335,580,915,0.6338797814207651
06065040204,310,515,825,0.6242424242424243
06065040301,640,1262,1902,0.6635120925341745
06065040302,304,1653,1957,0.8446601941747572
06065040303,182,677,859,0.7881257275902211
06065040402,170,788,958,0.8225469728601252
06065040403,218,1057,1275,0.8290196078431372
06065040404,117,698,815,0.8564417177914111
06065040405,283,1257,1540,0.8162337662337662
06065040501,405,1294,1699,0.7616244849911713
06065040502,598,1011,1609,0.6283405842137973
06065040503,867,794,1661,0.4780252859723058
06065040603,111,563,674,0.8353115727002968
06065040604,190,1075,1265,0.849802371541502
06065040605,141,576,717,0.803347280334728
06065040606,167,583,750,0.7773333333333333
06065040607,888,2424,3312,0.7318840579710145
06065040609,498,3088,3586,0.8611266034578918
06065040611,270,1535,1805,0.850415512465374
06065040613,439,2359,2798,0.8431022158684774
06065040615,470,1879,2349,0.7999148573861218
06065040616,282,1742,2024,0.8606719367588933
06065040701,112,594,706,0.8413597733711048
06065040702,120,745,865,0.861271676300578
06065040703,142,786,928,0.8469827586206896
06065040806,116,758,874,0.8672768878718535
06065040807,126,897,1023,0.8768328445747801
06065040808,869,1330,2199,0.6048203728967713
06065040809,292,849,1141,0.7440841367221736
06065040812,219,867,1086,0.7983425414364641
06065040813,260,1614,1874,0.8612593383137673
06065040814,759,866,1625,0.5329230769230769
06065040815,445,824,1269,0.6493301812450749
06065040816,291,562,853,0.6588511137162955
06065040821,979,1040,2019,0.5151064883605745
06065040901,968,1281,2249,0.5695864828812806
06065040902,357,1255,1612,0.7785359801488834
06065040903,212,527,739,0.713125845737483
06065040904,197,780,977,0.7983623336745138
06065041001,295,426,721,0.5908460471567267
06065041002,187,626,813,0.7699876998769988
06065041003,149,537,686,0.782798833819242
06065041004,525,832,1357,0.6131171702284451
06065041101,660,563,1223,0.4603434178250204
06065041102,235,759,994,0.7635814889336016
06065041201,443,743,1186,0.6264755480607083
06065041202,181,814,995,0.8180904522613065
06065041203,342,566,908,0.6233480176211453
06065041301,230,569,799,0.7121401752190237
06065041302,329,694,1023,0.678396871945259
06065041403,415,925,1340,0.6902985074626866
06065041404,130,796,926,0.8596112311015118
06065041405,376,911,1287,0.7078477078477079
06065041406,876,940,1816,0.5176211453744494
06065041407,794,908,1702,0.5334900117508813
06065041408,786,533,1319,0.4040940106141016
06065041409,643,4085,4728,0.8640016920473773
06065041410,171,504,675,0.7466666666666667
06065041411,182,622,804,0.7736318407960199
06065041412,392,1077,1469,0.7331518039482642
06065041500,660,434,1094,0.396709323583181
06065041600,799,1019,1818,0.5605060506050605
06065041702,275,1094,1369,0.7991234477720964
06065041703,1110,660,1770,0.3728813559322034
06065041704,403,576,979,0.5883554647599591
06065041803,259,1709,1968,0.8683943089430894
06065041804,173,1145,1318,0.8687405159332322
06065041805,804,1208,2012,0.6003976143141153
06065041806,148,1073,1221,0.8787878787878788
06065041807,81,588,669,0.8789237668161435
06065041808,463,1615,2078,0.7771896053897979
06065041809,903,1238,2141,0.5782344698738907
06065041810,219,1448,1667,0.8686262747450509
06065041812,155,889,1044,0.8515325670498084
06065041813,670,1381,2051,0.6733300828863968
06065041904,231,1121,1352,0.8291420118343196
06065041905,445,538,983,0.5473041709053916
06065041906,733,1252,1985,0.6307304785894207
06065041909,285,1220,1505,0.8106312292358804
06065041910,632,2005,2637,0.7603337125521425
06065041911,603,3312,3915,0.8459770114942529
06065041912,546,1512,2058,0.7346938775510204
06065041913,716,1304,2020,0.6455445544554456
06065042003,300,1438,1738,0.8273878020713463
06065042004,131,904,1035,0.8734299516908213
06065042005,255,1303,1558,0.8363286264441592
06065042007,360,1252,1612,0.7766749379652605
06065042008,266,2083,2349,0.8867603235419327
06065042009,342,1469,1811,0.8111540585311983
06065042010,407,950,1357,0.7000736919675755
06065042012,637,1238,1875,0.6602666666666667
06065042013,281,1938,2219,0.8733663812528166
06065042014,403,2412,2815,0.8568383658969805
06065042206,1425,1129,2554,0.44205168363351605
06065042207,289,844,1133,0.7449249779346867
06065042208,121,748,869,0.8607594936708861
06065042209,864,506,1370,0.36934306569343067
06065042210,1129,545,1674,0.3255675029868578
06065042212,490,1378,1868,0.7376873661670236
06065042213,418,1036,1454,0.7125171939477304
06065042214,298,1480,1778,0.8323959505061868
06065042217,582,1374,1956,0.7024539877300614
06065042300,625,1726,2351,0.7341556784347086
06065042401,73,478,551,0.867513611615245
06065042402,190,1046,1236,0.8462783171521036
06065042403,144,825,969,0.8513931888544891
06065042404,197,372,569,0.6537785588752196
06065042405,1002,591,1593,0.3709981167608286
06065042406,251,957,1208,0.7922185430463576
06065042407,142,664,806,0.8238213399503722
06065042408,128,711,839,0.8474374255065554
06065042409,179,747,926,0.806695464362851
06065042410,219,1179,1398,0.8433476394849786
06065042411,101,601,702,0.8561253561253561
06065042412,180,1190,1370,0.8686131386861314
06065042505,289,515,804,0.6405472636815921
06065042506,1133,1386,2519,0.5502183406113537
06065042507,169,898,1067,0.8416119962511716
06065042508,287,948,1235,0.7676113360323886
06065042509,147,659,806,0.8176178660049628
06065042510,221,928,1149,0.8076588337684943
06065042511,233,557,790,0.7050632911392405
06065042512,313,545,858,0.6351981351981352
06065042513,136,641,777,0.824967824967825
06065042514,349,496,845,0.58698224852071
06065042515,475,502,977,0.5138178096212896
06065042516,388,655,1043,0.6279961649089166
06065042517,150,659,809,0.8145859085290482
06065042518,274,601,875,0.6868571428571428
06065042519,252,240,492,0.4878048780487805
06065042520,470,799,1269,0.6296296296296297
06065042521,269,918,1187,0.7733782645324347
06065042617,625,1932,2557,0.7555729370355886
06065042618,349,1430,1779,0.8038223721191681
06065042619,519,2261,2780,0.8133093525179856
06065042620,578,2675,3253,0.8223178604365201
06065042621,336,1427,1763,0.8094157685762904
06065042622,449,882,1331,0.6626596543951916
06065042623,254,959,1213,0.7906018136850783
06065042624,166,856,1022,0.837573385518591
06065042706,488,1373,1861,0.737775389575497
06065042708,279,1173,1452,0.8078512396694215
06065042709,408,1507,1915,0.7869451697127937
06065042711,453,1970,2423,0.8130416838629798
06065042714,225,1147,1372,0.8360058309037901
06065042715,995,3218,4213,0.7638262520769048
06065042716,290,1574,1864,0.8444206008583691
06065042717,276,1201,1477,0.8131347325660122
06065042719,429,1045,1474,0.7089552238805971
06065042720,404,1015,1419,0.715292459478506
06065042723,671,1313,1984,0.6617943548387096
06065042724,178,883,1061,0.8322337417530632
06065042726,336,2068,2404,0.8602329450915142
06065042728,133,496,629,0.7885532591414944
06065042729,1039,2851,3890,0.7329048843187661
06065042730,306,1039,1345,0.7724907063197026
06065042731,328,1659,1987,0.8349270256668344
06065042732,214,1469,1683,0.8728461081402258
06065042733,507,2725,3232,0.8431311881188119
06065042737,123,605,728,0.8310439560439561
06065042738,759,1735,2494,0.6956696070569367
06065042739,253,1683,1936,0.8693181818181818
06065042740,233,837,1070,0.7822429906542057
06065042741,364,987,1351,0.7305699481865285
06065042742,198,1125,1323,0.8503401360544217
06065042743,171,768,939,0.8178913738019169
06065042744,208,807,1015,0.7950738916256158
06065042745,357,1668,2025,0.8237037037037037
06065042800,985,1278,2263,0.5647370746796289
06065042901,429,1370,1799,0.7615341856586992
06065042902,387,859,1246,0.6894060995184591
06065042903,397,1000,1397,0.7158196134574087
06065042904,602,1602,2204,0.7268602540834845
06065043001,626,1401,2027,0.6911692155895411
06065043003,897,1005,1902,0.5283911671924291
06065043005,507,1053,1560,0.675
06065043006,514,851,1365,0.6234432234432234
06065043007,283,1792,2075,0.8636144578313253
06065043008,339,1561,1900,0.8215789473684211
06065043009,187,1312,1499,0.875250166777852
06065043010,229,1352,1581,0.8551549652118912
06065043206,1113,1431,2544,0.5625
06065043211,219,1321,1540,0.8577922077922078
06065043216,952,1138,2090,0.5444976076555024
06065043217,174,869,1043,0.8331735378715245
06065043218,248,1463,1711,0.8550555230859147
06065043220,874,757,1631,0.46413243408951566
06065043222,390,1152,1542,0.7470817120622568
06065043227,747,1526,2273,0.6713594368675759
06065043228,579,773,1352,0.5717455621301775
06065043229,312,1953,2265,0.8622516556291391
06065043235,350,2154,2504,0.860223642172524
06065043239,520,1804,2324,0.7762478485370051
06065043240,728,2471,3199,0.7724288840262582
06065043242,423,2110,2533,0.833004342676668
06065043244,632,2257,2889,0.781239183108342
06065043246,288,1389,1677,0.8282647584973166
06065043247,514,2749,3263,0.8424762488507509
06065043248,197,1083,1280,0.84609375
06065043250,719,2056,2775,0.7409009009009009
06065043252,383,2144,2527,0.8484368816778789
06065043254,232,1342,1574,0.8526048284625158
06065043256,144,865,1009,0.8572844400396432
06065043257,517,2145,2662,0.8057851239669421
06065043262,257,1387,1644,0.8436739659367397
06065043264,318,1946,2264,0.8595406360424028
06065043265,529,1837,2366,0.7764158918005072
06065043266,877,797,1674,0.47610513739545995
06065043267,307,1825,2132,0.8560037523452158
06065043270,367,1232,1599,0.7704815509693559
06065043271,240,797,1037,0.7685631629701061
06065043272,270,1468,1738,0.8446490218642118
06065043274,114,489,603,0.8109452736318408
06065043276,121,879,1000,0.879
06065043278,336,1491,1827,0.8160919540229885
06065043279,356,1151,1507,0.7637690776376908
06065043291,982,1986,2968,0.6691374663072777
06065043304,574,2171,2745,0.7908925318761384
06065043306,372,1219,1591,0.7661847894406034
06065043307,981,1361,2342,0.581127241673783
06065043308,421,513,934,0.5492505353319058
06065043309,387,475,862,0.5510440835266821
06065043310,393,668,1061,0.6295947219604147
06065043311,162,561,723,0.7759336099585062
06065043312,284,891,1175,0.7582978723404256
06065043313,286,772,1058,0.7296786389413988
06065043314,199,865,1064,0.8129699248120301
06065043315,121,591,712,0.8300561797752809
06065043316,353,1139,1492,0.7634048257372654
06065043317,433,1956,2389,0.818752616157388
06065043401,671,1197,1868,0.6407922912205567
06065043403,278,613,891,0.6879910213243546
06065043404,416,823,1239,0.6642453591606134
06065043405,931,946,1877,0.5039957378795951
06065043503,932,849,1781,0.47669848399775405
06065043504,632,1833,2465,0.7436105476673428
06065043505,599,953,1552,0.6140463917525774
06065043506,442,1629,2071,0.7865765330758088
06065043507,1217,962,2179,0.4414869206057825
06065043508,723,1498,2221,0.6744709590274651
06065043509,445,1211,1656,0.731280193236715
06065043512,464,1634,2098,0.778836987607245
06065043513,225,708,933,0.7588424437299035
06065043517,288,1357,1645,0.8249240121580547
06065043601,527,756,1283,0.5892439594699922
06065043602,314,707,1021,0.692458374142997
06065043701,459,1088,1547,0.7032967032967034
06065043702,439,1138,1577,0.7216233354470514
06065043703,280,674,954,0.7064989517819706
06065043802,382,1585,1967,0.8057956278596848
06065043807,592,1381,1973,0.6999493157627977
06065043809,383,1311,1694,0.7739079102715466
06065043810,301,1619,1920,0.8432291666666667
06065043811,322,1081,1403,0.7704918032786885
06065043812,612,3300,3912,0.843558282208589
06065043813,491,1151,1642,0.7009744214372716
06065043814,176,297,473,0.627906976744186
06065043818,266,913,1179,0.7743850720949957
06065043820,222,1406,1628,0.8636363636363636
06065043821,391,1067,1458,0.7318244170096022
06065043822,113,620,733,0.8458390177353342
06065043823,386,2329,2715,0.8578268876611418
06065043900,484,1394,1878,0.7422790202342918
06065044000,259,289,548,0.5273722627737226
06065044101,343,653,996,0.6556224899598394
06065044102,247,596,843,0.7069988137603797
06065044103,729,1458,2187,0.6666666666666666
06065044104,196,708,904,0.7831858407079646
06065044200,522,1188,1710,0.6947368421052632
06065044300,369,924,1293,0.7146171693735499
06065044402,430,1483,1913,0.775222164140094
06065044403,415,1066,1481,0.7197839297771775
06065044404,108,385,493,0.7809330628803245
06065044405,104,613,717,0.8549511854951185
06065044505,612,1564,2176,0.71875
06065044507,854,1487,2341,0.6351986330627937
06065044509,640,897,1537,0.5836044242029929
06065044510,1086,1175,2261,0.5196815568332597
06065044515,354,951,1305,0.728735632183908
06065044516,656,1527,2183,0.6994961062757673
06065044517,194,923,1117,0.8263205013428827
06065044518,353,1496,1849,0.8090859924283397
06065044520,104,496,600,0.8266666666666667
06065044521,94,337,431,0.7819025522041764
06065044522,597,1174,1771,0.6629023150762281
06065044602,649,792,1441,0.549618320610687
06065044604,470,1373,1843,0.7449810092240912
06065044605,975,1405,2380,0.5903361344537815
06065044606,524,804,1328,0.6054216867469879
06065044701,1009,875,1884,0.46443736730360935
06065044702,134,447,581,0.7693631669535284
06065044804,362,670,1032,0.6492248062015504
06065044805,433,547,980,0.5581632653061225
06065044806,604,625,1229,0.5085435313262815
06065044807,480,450,930,0.4838709677419355
06065044904,406,1343,1749,0.7678673527730131
06065044907,816,665,1481,0.4490209318028359
06065044911,743,1461,2204,0.6628856624319419
06065044915,1297,792,2089,0.3791287697462901
06065044916,966,1208,2174,0.5556577736890524
06065044917,618,1984,2602,0.7624903920061491
06065044918,586,1048,1634,0.6413708690330477
06065044919,930,1837,2767,0.6638959161546801
06065044921,260,849,1109,0.7655545536519387
06065044922,857,1660,2517,0.6595152959872864
06065044923,297,954,1251,0.762589928057554
06065044924,303,887,1190,0.7453781512605042
06065044925,178,896,1074,0.8342644320297952
06065044926,537,955,1492,0.6400804289544236
06065044927,664,1176,1840,0.6391304347826087
06065044928,433,1248,1681,0.7424152290303391
06065044929,854,1074,1928,0.5570539419087137
06065044930,603,742,1345,0.5516728624535316
06065044931,83,559,642,0.8707165109034268
06065044932,249,877,1126,0.7788632326820604
06065045000,540,966,1506,0.6414342629482072
06065045103,689,1081,1770,0.6107344632768361
06065045108,1090,1427,2517,0.5669447755264203
06065045109,223,1214,1437,0.8448155880306193
06065045110,354,1710,2064,0.8284883720930233
06065045114,287,834,1121,0.743978590544157
06065045115,191,767,958,0.8006263048016702
06065045116,365,393,758,0.5184696569920845
06065045117,727,1052,1779,0.5913434513771781
06065045118,603,689,1292,0.5332817337461301
06065045119,263,807,1070,0.7542056074766356
06065045120,535,1188,1723,0.689495066744051
06065045121,832,2092,2924,0.7154582763337893
06065045122,258,533,791,0.6738305941845765
06065045123,283,849,1132,0.75
06065045124,542,538,1080,0.4981481481481482
06065045125,293,1146,1439,0.7963863794301599
06065045207,1007,1001,2008,0.49850597609561753
06065045209,836,1108,1944,0.5699588477366255
06065045212,165,1020,1185,0.8607594936708861
06065045213,360,1762,2122,0.8303487276154571
06065045214,521,1559,2080,0.7495192307692308
06065045215,639,2661,3300,0.8063636363636364
06065045216,153,1126,1279,0.8803752931978108
06065045217,617,1830,2447,0.7478545157335513
06065045222,210,821,1031,0.7963142580019399
06065045224,379,1816,2195,0.8273348519362187
06065045226,309,2170,2479,0.8753529649052038
06065045228,367,1921,2288,0.8395979020979021
06065045233,895,852,1747,0.48769318832283914
06065045302,247,1083,1330,0.8142857142857143
06065045303,346,547,893,0.6125419932810751
06065045304,462,2964,3426,0.8651488616462347
06065045501,712,1119,1831,0.6111414527580558
06065045502,507,733,1240,0.5911290322580646
06065045604,1077,2086,3163,0.6595004742333228
06065045605,697,1946,2643,0.7362845251608021
06065045606,301,1098,1399,0.7848463187991422
06065045608,230,1121,1351,0.8297557364914878
06065045609,373,985,1358,0.7253313696612665
06065045703,399,1894,2293,0.8259921500218055
06065045704,377,704,1081,0.6512488436632747
06065045705,1480,1769,3249,0.5444752231455833
06065045706,551,985,1536,0.6412760416666666
06065045707,563,1819,2382,0.7636439966414778
06065045900,147,446,593,0.7521079258010118
06065046101,409,796,1205,0.6605809128630705
06065046102,388,337,725,0.46482758620689657
06065046103,211,934,1145,0.8157205240174672
06065046200,398,774,1172,0.6604095563139932
06065046401,271,904,1175,0.7693617021276595
06065046402,361,1181,1542,0.7658884565499352
06065046403,478,1663,2141,0.7767398411957029
06065046404,578,1226,1804,0.6796008869179601
06065046405,240,815,1055,0.7725118483412322
06065046500,767,340,1107,0.3071364046973803
06065046601,77,150,227,0.6607929515418502
06065046602,127,920,1047,0.8787010506208214
06065046700,719,632,1351,0.46780162842339007
06065046800,216,1171,1387,0.8442682047584715
06065046900,185,383,568,0.6742957746478874
06065047000,244,386,630,0.6126984126984127
06065047201,424,579,1003,0.5772681954137587
06065047202,233,492,725,0.6786206896551724
06065047900,476,2901,3377,0.8590464909683151
06065048100,291,1666,1957,0.8513030148185999
06065048200,158,1100,1258,0.8744038155802861
06065048300,270,1385,1655,0.8368580060422961
06065048700,255,823,1078,0.7634508348794063
06065048800,189,892,1081,0.8251618871415356
06065048901,148,798,946,0.8435517970401691
06065048902,713,1155,1868,0.6183083511777302
06065049000,472,1870,2342,0.798462852263023
06065049100,932,1846,2778,0.6645068394528437
06065049400,270,1149,1419,0.8097251585623678
06065049500,1042,1708,2750,0.6210909090909091
06065049600,882,1596,2478,0.6440677966101694
06065049700,355,2091,2446,0.8548650858544563
06065049800,726,759,1485,0.5111111111111111
06065050300,549,2477,3026,0.8185723727693325
06065050400,695,2130,2825,0.7539823008849558
06065050500,1460,2724,4184,0.6510516252390057
06065050600,674,1610,2284,0.7049036777583187
06065050700,756,2416,3172,0.7616645649432535
06065050900,801,955,1756,0.5438496583143508
06065051100,598,1162,1760,0.6602272727272728
06065051200,759,875,1634,0.5354957160342717
06065051300,663,2072,2735,0.7575868372943327
06065051400,529,3429,3958,0.8663466397170289
06065940100,33,64,97,0.6597938144329897
06065940400,362,1762,2124,0.8295668549905838
06065940500,374,888,1262,0.7036450079239303
06065940600,361,1235,1596,0.7738095238095238
06065940700,698,797,1495,0.5331103678929766
06065940800,689,970,1659,0.5846895720313442
06065940900,369,841,1210,0.6950413223140496
06065941000,895,1393,2288,0.6088286713286714
06065941100,525,759,1284,0.5911214953271028
06065941200,384,1025,1409,0.7274662881476224
06065941300,558,1156,1714,0.6744457409568262
06065941400,1233,836,2069,0.4040599323344611
06065941500,324,1136,1460,0.7780821917808219
06067000100,364,1353,1717,0.7880023296447292
06067000200,338,1422,1760,0.8079545454545455
06067000300,284,1286,1570,0.8191082802547771
06067000400,1292,1000,2292,0.4363001745200698
06067000500,1199,683,1882,0.36291179596174283
06067000600,464,163,627,0.25996810207336524
06067000700,415,158,573,0.2757417102966841
06067000800,720,343,1063,0.32267168391345247
06067001101,1378,450,1828,0.2461706783369803
06067001200,1871,803,2674,0.300299177262528
06067001300,1420,679,2099,0.3234873749404478
06067001400,1228,566,1794,0.31549609810479373
06067001500,955,1417,2372,0.5973861720067454
06067001600,505,1960,2465,0.795131845841785
06067001700,846,1753,2599,0.6744901885340515
06067001800,1031,1373,2404,0.5711314475873545
06067001900,917,734,1651,0.44457904300423984
06067002000,777,646,1423,0.45397048489107517
06067002100,605,457,1062,0.4303201506591337
06067002200,815,1138,1953,0.5826932923707118
06067002300,355,1285,1640,0.7835365853658537
06067002400,549,1497,2046,0.7316715542521994
06067002500,105,674,779,0.865211810012837
06067002600,433,807,1240,0.6508064516129032
06067002700,665,824,1489,0.5533915379449295
06067002800,305,876,1181,0.7417442845046571
06067002900,500,1827,2327,0.7851310700472711
06067003000,631,2162,2793,0.774078052273541
06067003101,240,967,1207,0.8011599005799502
06067003102,208,786,994,0.7907444668008048
06067003202,629,1091,1720,0.6343023255813953
06067003203,200,487,687,0.7088791848617176
06067003204,398,1020,1418,0.7193229901269393
06067003300,420,1533,1953,0.7849462365591398
06067003400,444,1293,1737,0.7443868739205527
06067003501,321,911,1232,0.739448051948052
06067003502,243,939,1182,0.7944162436548223
06067003600,195,810,1005,0.8059701492537313
06067003700,358,1040,1398,0.7439198855507868
06067003800,417,1330,1747,0.7613050944476245
06067003900,500,1106,1606,0.688667496886675
06067004001,866,1821,2687,0.6777074804614812
06067004004,722,1929,2651,0.7276499434175783
06067004005,729,1208,1937,0.6236448115642746
06067004006,1100,1248,2348,0.5315161839863713
06067004008,286,1258,1544,0.81476683937823835
06067004009,638,1398,2036,0.6866404715127702
06067004010,1300,1201,2501,0.4802079168332667
06067004011,420,971,1391,0.698058950395399
06067004012,452,953,1405,0.6782918149466192
06067004100,535,1085,1620,0.6697530864197531
06067004201,360,1249,1609,0.776258545680547
06067004202,514,1224,1738,0.7042577675489068
06067004203,607,1000,1607,0.6222775357809583
06067004300,555,1921,2476,0.7758481421647819
06067004401,448,851,1299,0.6551193225558122
06067004402,449,862,1311,0.6575133485888635
06067004501,448,620,1068,0.5805243445692884
06067004502,865,817,1682,0.48573127229488705
06067004601,894,1604,2498,0.6421136909527622
06067004602,655,965,1620,0.595679012345679
06067004701,507,525,1032,0.5087209302325582
06067004702,630,917,1547,0.5927601809954751
06067004801,508,1255,1763,0.7118547929665343
06067004802,571,927,1498,0.6188251001335113
06067004903,840,1221,2061,0.5924308588064047
06067004904,464,1345,1809,0.7435046987285793
06067004905,1041,1260,2301,0.5475880052151239
06067004906,201,751,952,0.7888655462184874
06067005001,702,1671,2373,0.7041719342604298
06067005002,1083,1274,2357,0.5405176071277047
06067005101,406,842,1248,0.6746794871794872
06067005102,619,1031,1650,0.6248484848484849
06067005201,594,264,858,0.3076923076923077
06067005202,466,999,1465,0.6819112627986348
06067005204,502,1400,1902,0.7360672975814931
06067005205,582,456,1038,0.4393063583815029
06067005301,345,253,598,0.4230769230769231
06067005402,1132,397,1529,0.2596468279921517
06067005403,542,821,1363,0.6023477622890683
06067005404,1020,1561,2581,0.604804339403332
06067005502,1025,1079,2104,0.5128326996197718
06067005505,1223,1024,2247,0.45571873609256786
06067005506,934,482,1416,0.3403954802259887
06067005508,1282,598,1880,0.3180851063829787
06067005509,737,257,994,0.25855130784708247
06067005510,1664,861,2525,0.340990099009901
06067005601,1252,1220,2472,0.4935275080906149
06067005605,528,841,1369,0.6143170197224251
06067005606,653,1208,1861,0.6491133799032778
06067005701,241,1059,1300,0.8146153846153846
06067005702,244,1539,1783,0.8631519910263601
06067005801,538,1610,2148,0.749534450651769
06067005803,213,1228,1441,0.8521859819569744
06067005804,255,778,1033,0.7531461761858664
06067005901,578,1874,2452,0.7642740619902121
06067005903,733,487,1220,0.39918032786885244
06067005904,658,1272,1930,0.6590673575129534
06067006002,876,1175,2051,0.5728912725499756
06067006003,948,903,1851,0.4878444084278768
06067006004,287,778,1065,0.7305164319248826
06067006101,1016,1073,2089,0.5136428913355673
06067006102,960,694,1654,0.4195888754534462
06067006201,1502,1454,2956,0.4918809201623816
06067006202,585,916,1501,0.6102598267821452
06067006300,527,1233,1760,0.7005681818181818
06067006400,517,1296,1813,0.7148372862658577
06067006500,560,1375,1935,0.710594315245478
06067006600,700,1464,2164,0.6765249537892791
06067006701,931,1516,2447,0.6195341234164283
06067006702,635,1415,2050,0.6902439024390243
06067006800,787,1280,2067,0.6192549588776004
06067006900,862,1327,2189,0.6062128825947921
06067007001,360,826,1186,0.6964586846543002
06067007004,1159,1668,2827,0.5900247612309869
06067007007,522,1170,1692,0.6914893617021277
06067007010,1275,671,1946,0.3448098663926002
06067007011,1418,1156,2574,0.4491064491064491
06067007012,537,924,1461,0.6324435318275154
06067007013,377,666,1043,0.638542665388303
06067007014,969,1548,2517,0.6150178784266984
06067007015,1013,1473,2486,0.5925181013676589
06067007016,496,1297,1793,0.72336865588399335
06067007017,189,899,1088,0.8262867647058824
06067007018,1385,1029,2414,0.4262634631317316
06067007019,371,157,528,0.29734848484848486
06067007020,602,1125,1727,0.6514186450492183
06067007101,9,63,72,0.875
06067007102,795,2475,3270,0.7568807339449541
06067007103,855,752,1607,0.46795270690728064
06067007104,518,2111,2629,0.802966907569418
06067007105,639,1769,2408,0.7346345514950167
06067007106,667,1810,2477,0.7307226483649576
06067007107,309,1049,1358,0.772459499263623
06067007202,312,1020,1332,0.7657657657657657
06067007204,265,1300,1565,0.8306709265175719
06067007206,215,1102,1317,0.8367501898253606
06067007207,255,1148,1403,0.8182466143977192
06067007208,239,1168,1407,0.830135039090263
06067007209,238,953,1191,0.8001679261125105
06067007301,666,1045,1711,0.6107539450613676
06067007402,390,1589,1979,0.8029307731177362
06067007403,230,1119,1349,0.8295033358042995
06067007406,790,1783,2573,0.6929654100272056
06067007413,1031,1205,2236,0.5389087656529516
06067007414,482,981,1463,0.67053998632946
06067007415,325,806,1131,0.7126436781609196
06067007416,425,1018,1443,0.7054747054747055
06067007417,156,810,966,0.8385093167701864
06067007421,362,2269,2631,0.8624097301406309
06067007422,292,590,882,0.6689342403628118
06067007423,1357,696,2053,0.33901607403799316
06067007424,515,804,1319,0.6095526914329037
06067007426,290,475,765,0.6209150326797386
06067007427,621,1530,2151,0.7112970711297071
06067007428,235,1010,1245,0.8112449799196787
06067007429,876,917,1793,0.5114333519241495
06067007430,620,1878,2498,0.7518014411529224
06067007431,183,891,1074,0.8296089385474861
06067007432,324,1241,1565,0.7929712460063898
06067007433,978,1605,2583,0.6213704994192799
06067007501,1154,1395,2549,0.5472734405649274
06067007503,952,1115,2067,0.5394291243347847
06067007504,315,473,788,0.600253807106599
06067007601,1281,1491,2772,0.5378787878787878
06067007602,734,1273,2007,0.6342800199302442
06067007701,1329,1293,2622,0.4931350114416476
06067007702,586,1344,1930,0.6963730569948187
06067007801,1015,1456,2471,0.5892351274787535
06067007802,721,1178,1899,0.6203264876250658
06067007903,433,1426,1859,0.7670790747713825
06067007904,415,1531,1946,0.7867420349434738
06067007905,440,1250,1690,0.7396449704142012
06067007906,522,1073,1595,0.6727272727272727
06067008005,291,1450,1741,0.832854681217691
06067008006,591,1685,2276,0.7403339191564148
06067008007,572,834,1406,0.5931721194879089
06067008008,371,1451,1822,0.796377607025247
06067008009,633,1292,1925,0.6711688311688312
06067008010,394,1476,1870,0.7893048128342246
06067008111,446,1995,2441,0.8172879967226546
06067008113,456,1017,1473,0.6904276985743381
06067008117,162,655,817,0.8017135862913096
06067008119,662,1603,2265,0.7077262693156733
06067008120,940,1098,2038,0.5387634936211972
06067008122,542,883,1425,0.6196491228070176
06067008124,236,1433,1669,0.8585979628520072
06067008125,461,1576,2037,0.773686794305351
06067008127,344,1363,1707,0.7984768599882835
06067008128,196,744,940,0.7914893617021277
06067008129,317,878,1195,0.7347280334728034
06067008130,261,992,1253,0.7916999201915403
06067008131,933,1301,2234,0.5823634735899731
06067008132,332,1183,1515,0.7808580858085808
06067008133,645,578,1223,0.47260834014717906
06067008134,724,1201,1925,0.623896103896104
06067008135,1165,954,2119,0.45021236432279377
06067008136,540,489,1029,0.4752186588921283
06067008137,415,502,917,0.5474372955288986
06067008138,439,926,1365,0.6783882783882784
06067008139,1151,603,1754,0.34378563283922464
06067008140,326,798,1124,0.7099644128113879
06067008141,1441,1329,2770,0.47978339350180504
06067008142,634,793,1427,0.5557112824106517
06067008143,619,1043,1662,0.6275571600481348
06067008144,136,830,966,0.8592132505175983
06067008145,394,2214,2608,0.8489263803680982
06067008203,427,1469,1896,0.7747890295358649
06067008204,340,1431,1771,0.80801806888763406
06067008206,582,1695,2277,0.7444005270092227
06067008207,480,1236,1716,0.7202797202797203
06067008208,692,1219,1911,0.6378859236002093
06067008209,585,1295,1880,0.6888297872340425
06067008210,747,1952,2699,0.7232308262319378
06067008211,165,819,984,0.8323170731707317
06067008402,409,1707,2116,0.806710775047259
06067008403,895,1691,2586,0.6539056457849961
06067008404,590,988,1578,0.6261089987325729
06067008501,415,2030,2445,0.8302658486707567
06067008504,483,1403,1886,0.7439024390243902
06067008505,115,661,776,0.8518041237113402
06067008506,1063,379,1442,0.26282940360610263
06067008507,664,1018,1682,0.6052318668252081
06067008508,760,2100,2860,0.7342657342657343
06067008509,191,1308,1499,0.8725817211474316
06067008510,206,1433,1639,0.8743136058572301
06067008512,197,1283,1480,0.8668918918918919
06067008513,299,934,1233,0.7575020275750203
06067008600,496,2321,2817,0.8239261625843095
06067008702,153,1062,1215,0.8740740740740741
06067008703,497,1655,2152,0.7690520446096655
06067008704,136,873,1009,0.865213082259663
06067008705,343,2220,2563,0.8661724541552868
06067008801,298,1104,1402,0.7874465049928673
06067008905,491,1122,1613,0.6955982641041537
06067008907,817,1101,1918,0.5740354535974974
06067008908,774,1187,1961,0.6053034166241713
06067008909,271,580,851,0.681551116333725
06067008910,446,866,1312,0.6600609756097561
06067008911,455,403,858,0.4696969696969697
06067008912,291,915,1206,0.7587064676616916
06067008913,527,986,1513,0.651685393258427
06067009004,302,934,1236,0.7556634304207119
06067009005,469,656,1125,0.5831111111111111
06067009006,829,1138,1967,0.5785460091509913
06067009007,627,419,1046,0.4005736137667304
06067009008,700,1043,1743,0.5983935742971888
06067009010,1273,1026,2299,0.4462809917355372
06067009011,226,1285,1511,0.8504301786896096
06067009103,341,821,1162,0.7065404475043029
06067009105,362,613,975,0.6287179487179487
06067009106,728,1182,1910,0.618848167539267
06067009107,281,1016,1297,0.7833461835003855
06067009108,232,1193,1425,0.8371929824561404
06067009109,300,1421,1721,0.8256827425915165
06067009110,504,244,748,0.32620320855614976
06067009111,792,1297,2089,0.6208712302537099
06067009112,383,927,1310,0.7076335877862595
06067009201,505,1308,1813,0.7214561500275786
06067009307,495,1339,1834,0.7300981461286805
06067009308,463,1747,2210,0.790497737556561
06067009309,198,687,885,0.7762711864406779
06067009310,658,1863,2521,0.738992463308211
06067009311,331,1644,1975,0.8324050632911393
06067009312,310,1732,2042,0.8481880509304603
06067009314,487,1398,1885,0.7416445623342175
06067009316,205,1036,1241,0.8348106365834005
06067009317,395,1525,1920,0.7942708333333334
06067009318,122,539,661,0.8154311649016641
06067009319,233,1016,1249,0.8134507606084868
06067009320,371,1018,1389,0.7329013678905687
06067009321,310,1319,1629,0.8096992019643954
06067009322,832,3051,3883,0.7857326809168169
06067009323,327,1466,1793,0.8176240936977134
06067009324,123,732,855,0.856140350877193
06067009325,42,256,298,0.8590604026845637
06067009326,152,1184,1336,0.8862275449101796
06067009328,184,1283,1467,0.874573960463531
06067009329,256,442,698,0.6332378223495702
06067009330,151,1002,1153,0.8690372940156115
06067009331,285,1799,2084,0.8632437619961613
06067009332,52,316,368,0.8586956521739131
06067009403,138,528,666,0.7927927927927928
06067009404,384,1773,2157,0.8219749652294854
06067009406,136,650,786,0.8269720101781171
06067009407,569,2750,3319,0.8285628201265441
06067009408,65,484,549,0.8816029143897997
06067009501,173,623,796,0.7826633165829145
06067009502,423,2106,2529,0.8327402135231317
06067009503,421,799,1220,0.6549180327868852
06067009504,267,548,815,0.6723926380368098
06067009601,452,1484,1936,0.7665289256198347
06067009606,1059,1300,2359,0.5510809665112336
06067009608,810,1748,2558,0.6833463643471462
06067009609,302,1220,1522,0.8015768725361366
06067009610,372,1434,1806,0.7940199335548173
06067009611,275,872,1147,0.7602441150828247
06067009612,462,1371,1833,0.7479541734860884
06067009614,339,1877,2216,0.8470216606498195
06067009615,524,2307,2831,0.8149063935005298
06067009616,451,1597,2048,0.77978515625
06067009617,277,1036,1313,0.789032749428789
06067009618,337,1249,1586,0.787515762925599
06067009619,736,2138,2874,0.743910925539318
06067009622,494,2168,2662,0.8144252441773103
06067009630,607,2200,2807,0.7837548984681154
06067009632,363,1694,2057,0.8235294117647058
06067009633,329,705,1034,0.6818181818181818
06067009634,617,933,1550,0.6019354838709677
06067009635,523,1345,1868,0.7200214132762313
06067009636,346,2019,2365,0.8536997885835095
06067009637,238,1358,1596,0.8508771929824561
06067009638,679,2998,3677,0.815338591242861
06067009639,393,822,1215,0.6765432098765433
06067009800,213,525,738,0.7113821138211383
06067009900,389,897,1286,0.69751166407465
06067988300,16,19,35,0.5428571428571428
06069000100,311,1162,1473,0.7888662593346911
06069000200,496,1603,2099,0.763696998570748
06069000300,236,998,1234,0.8087520259319287
06069000400,552,1407,1959,0.7182235834609495
06069000501,340,1419,1759,0.8067083570210347
06069000502,501,1322,1823,0.7251782775644542
06069000600,716,1964,2680,0.7328358208955223
06069000701,315,836,1151,0.7263249348392702
06069000702,581,1258,1839,0.6840674279499728
06069000801,235,928,1163,0.7979363714531384
06069000802,143,812,955,0.8502617801047121
06071000103,534,1099,1633,0.6729944886711574
06071000104,492,1634,2126,0.768579492003763
06071000105,465,1510,1975,0.7645569620253164
06071000107,197,792,989,0.8008088978766431
06071000108,599,1294,1893,0.6835710512414157
06071000109,332,1884,2216,0.8501805054151624
06071000111,103,751,854,0.8793911007025761
06071000113,1025,2576,3601,0.7153568453207443
06071000115,671,1907,2578,0.7397207137315749
06071000116,865,3013,3878,0.7769468798349665
06071000117,481,1827,2308,0.7915944540727903
06071000118,220,1276,1496,0.8529411764705882
06071000201,875,757,1632,0.4638480392156863
06071000203,225,933,1158,0.805699481865285
06071000205,376,1064,1440,0.7388888888888889
06071000207,264,820,1084,0.7564575645756457
06071000208,214,893,1107,0.8066847335140018
06071000301,1418,1002,2420,0.4140495867768595
06071000303,577,1247,1824,0.6836622807017544
06071000304,445,1186,1631,0.727161250766401
06071000401,378,1387,1765,0.7858356940509915
06071000403,262,1018,1280,0.7953125
06071000404,800,884,1684,0.5249406175771971
06071000501,465,1306,1771,0.7374364765669114
06071000503,577,767,1344,0.5706845238095238
06071000504,244,1118,1362,0.8208516886930984
06071000603,619,943,1562,0.6037131882202305
06071000604,591,1068,1659,0.64376130198915
06071000605,312,863,1175,0.734468085106383
06071000606,411,621,1032,0.6017441860465116
06071000804,185,994,1179,0.8430873621713316
06071000808,493,1391,1884,0.7383227176220807
06071000812,262,1110,1372,0.8090379008746356
06071000813,161,1060,1221,0.8681408681408681
06071000814,148,1153,1301,0.8862413528055342
06071000815,158,1052,1210,0.8694214876033057
06071000816,195,1185,1380,0.8586956521739131
06071000817,381,975,1356,0.7190265486725663
06071000818,478,1377,1855,0.7423180592991914
06071000819,516,1356,1872,0.7243589743589743
06071000820,149,1145,1294,0.884853168469861
06071000821,1131,536,1667,0.3215356928614277
06071000823,1461,1127,2588,0.43547140649149924
06071000824,1036,875,1911,0.45787545787545786
06071000825,951,596,1547,0.38526179702650293
06071000826,443,941,1384,0.6799132947976878
06071000901,765,980,1745,0.5616045845272206
06071000903,800,733,1533,0.4781474233529028
06071000904,429,774,1203,0.6433915211970075
06071001001,700,912,1612,0.56575682382134
06071001002,694,849,1543,0.5502268308489955
06071001101,462,760,1222,0.6219312602291326
06071001103,292,1096,1388,0.7896253602305475
06071001104,541,1213,1754,0.6915621436716077
06071001200,283,1343,1626,0.8259532595325954
06071001305,673,777,1450,0.5358620689655172
06071001307,153,874,1027,0.8510223953261928
06071001308,503,769,1272,0.6045597484276729
06071001309,362,829,1191,0.6960537363560033
06071001310,343,1220,1563,0.780550223928343
06071001311,200,820,1020,0.803921568627451
06071001312,467,996,1463,0.6807928913192071
06071001400,730,555,1285,0.43190661478599224
06071001501,324,732,1056,0.6931818181818182
06071001503,420,562,982,0.5723014256619144
06071001504,1011,801,1812,0.4420529801324503
06071001600,498,906,1404,0.6452991452991453
06071001702,637,1049,1686,0.6221826809015422
06071001703,317,1339,1656,0.8085748792270532
06071001704,470,922,1392,0.6623563218390804
06071001706,815,1099,1914,0.5741901776384535
06071001707,305,1218,1523,0.7997373604727511
06071001803,606,601,1207,0.4979287489643745
06071001804,299,1194,1493,0.7997320830542531
06071001806,200,1107,1307,0.8469778117827085
06071001808,302,919,1221,0.7526617526617526
06071001809,337,872,1209,0.7212572373862697
06071001810,353,894,1247,0.7169206094627105
06071001812,529,560,1089,0.5142332415059688
06071001813,323,689,1012,0.6808300395256917
06071001901,225,1170,1395,0.8387096774193549
06071001903,1082,2455,3537,0.694091037602488
06071001905,599,1349,1948,0.6925051334702259
06071001906,1070,2014,3084,0.6530479896238651
06071002010,385,2466,2851,0.8649596632760435
06071002011,171,1072,1243,0.8624296057924377
06071002013,552,1001,1553,0.6445589182227945
06071002014,188,1350,1538,0.8777633289986996
06071002015,277,1211,1488,0.8138440860215054
06071002016,265,943,1208,0.7806291390728477
06071002017,192,1571,1763,0.8910947249007374
06071002018,302,1268,1570,0.8076433121019109
06071002019,754,960,1714,0.5600933488914819
06071002021,252,1390,1642,0.8465286236297198
06071002022,491,3159,3650,0.8654794520547945
06071002023,1184,1097,2281,0.48092941692240243
06071002025,411,1361,1772,0.768058690744921
06071002027,615,1370,1985,0.690176322418136
06071002028,448,1183,1631,0.7253218884120172
06071002029,236,1589,1825,0.8706849315068493
06071002031,263,1571,1834,0.85659760087241
06071002033,402,2017,2419,0.8338156262918561
06071002034,1575,2980,4555,0.6542261251372119
06071002035,691,1720,2411,0.7133969307341352
06071002036,2771,2025,4796,0.42222685571309426
06071002037,352,1850,2202,0.8401453224341507
06071002038,249,1367,1616,0.8459158415841584
06071002101,551,854,1405,0.6078291814946619
06071002103,1211,693,1904,0.3639705882352941
06071002105,632,1324,1956,0.6768916155419223
06071002107,970,957,1927,0.49662688116242865
06071002109,1785,875,2660,0.32894736842105265
06071002110,2191,1073,3264,0.3287377450980392
06071002204,538,1024,1562,0.6555697823303457
06071002206,377,1702,2079,0.8186628186628186
06071002207,511,400,911,0.43907793633369924
06071002301,557,2348,2905,0.8082616179001721
06071002304,839,4632,5471,0.8466459513800036
06071002305,455,2489,2944,0.8454483695652174
06071002306,158,827,985,0.8395939086294416
06071002307,146,1022,1168,0.875
06071002401,562,1446,2008,0.7201195219123506
06071002402,660,1391,2051,0.6782057532910776
06071002501,336,1087,1423,0.763879128601546
06071002502,252,1568,1820,0.8615384615384616
06071002601,393,2069,2462,0.8403736799350122
06071002602,453,1598,2051,0.7791321306679668
06071002604,261,1256,1517,0.8279499011206328
06071002606,481,1552,2033,0.76340383669454
06071002607,310,1812,2122,0.8539114043355325
06071002703,224,1362,1586,0.8587641866330391
06071002704,482,2658,3140,0.8464968152866242
06071002705,251,1221,1472,0.829483695652174
06071002706,446,2661,3107,0.8564531702607017
06071002801,457,890,1347,0.6607275426874536
06071002803,484,548,1032,0.5310077519379846
06071002804,882,609,1491,0.4084507042253521
06071002901,433,778,1211,0.6424442609413707
06071002902,658,1094,1752,0.6244292237442922
06071003000,534,600,1134,0.5291005291005291
06071003101,442,840,1282,0.6552262090483619
06071003102,748,736,1484,0.49595687331536387
06071003200,545,1654,2199,0.7521600727603456
06071003301,794,814,1608,0.5062189054726368
06071003302,672,1222,1894,0.6451953537486801
06071003401,468,1426,1894,0.7529039070749736
06071003403,181,896,1077,0.8319405756731661
06071003404,602,733,1335,0.549063670411985
06071003405,901,683,1584,0.4311868686868687
06071003503,186,1127,1313,0.8583396801218584
06071003505,946,801,1747,0.4585002862049227
06071003506,338,934,1272,0.7342767295597484
06071003507,158,945,1103,0.85675430643699
06071003509,454,798,1252,0.6373801916932907
06071003510,593,744,1337,0.556469708302169
06071003603,149,776,925,0.8389189189189189
06071003605,159,861,1020,0.8441176470588235
06071003606,305,1010,1315,0.7680608365019012
06071003607,395,1080,1475,0.7322033898305085
06071003609,506,835,1341,0.6226696495152871
06071003611,486,936,1422,0.6582278481012658
06071003612,282,830,1112,0.7464028776978417
06071003700,588,663,1251,0.5299760191846523
06071003801,329,989,1318,0.7503793626707133
06071003803,279,922,1201,0.7676935886761033
06071003804,200,949,1149,0.8259355961705831
06071003900,309,1080,1389,0.7775377969762419
06071004001,194,831,1025,0.8107317073170732
06071004003,250,1207,1457,0.8284145504461222
06071004004,425,1061,1486,0.7139973082099597
06071004101,236,1195,1431,0.8350803633822502
06071004103,301,1041,1342,0.7757078986587184
06071004104,298,923,1221,0.7559377559377559
06071004201,417,1284,1701,0.7548500881834215
06071004202,378,1054,1432,0.7360335195530726
06071004301,214,838,1052,0.7965779467680608
06071004302,245,737,982,0.7505091649694501
06071004401,298,829,1127,0.735581188997338
06071004403,415,882,1297,0.6800308404009252
06071004404,569,801,1370,0.5846715328467154
06071004503,127,882,1009,0.8741328047571854
06071004504,639,1866,2505,0.7449101796407186
06071004505,623,985,1608,0.6125621890547264
06071004507,674,925,1599,0.5784865540963102
06071004509,295,1084,1379,0.7860768672951414
06071004510,413,743,1156,0.6427335640138409
06071004601,806,1410,2216,0.6362815884476535
06071004603,1012,1147,2159,0.5312644742936544
06071004604,416,1116,1532,0.7284595300261096
06071004700,314,1074,1388,0.7737752161383286
06071004800,224,567,791,0.7168141592920354
06071004900,616,1155,1771,0.6521739130434783
06071005100,820,1904,2724,0.6989720998531571
06071005200,394,989,1383,0.7151120751988431
06071005300,485,1075,1560,0.6891025641025641
06071005400,757,1197,1954,0.612589559877175
06071005500,1146,1276,2422,0.5268373245251858
06071005600,785,1039,1824,0.5696271929824561
06071005701,482,320,802,0.39900249376558605
06071005800,789,538,1327,0.4054257724189902
06071006100,567,2109,2676,0.7881165919282511
06071006201,231,861,1092,0.7884615384615384
06071006203,815,737,1552,0.47487113402061853
06071006204,843,512,1355,0.37785977859778597
06071006301,598,890,1488,0.5981182795698925
06071006302,699,1807,2506,0.7210694333599361
06071006401,287,451,738,0.6111111111111112
06071006402,518,796,1314,0.6057838660578386
06071006500,779,1194,1973,0.6051697921946275
06071006601,407,962,1369,0.7027027027027027
06071006603,285,1293,1578,0.8193916349809885
06071006604,388,809,1197,0.6758563074352548
06071006700,299,1015,1314,0.7724505327245054
06071007000,687,1556,2243,0.6937137761925992
06071007104,280,1163,1443,0.805959805959806
06071007105,398,748,1146,0.6527050610820244
06071007106,364,943,1307,0.7214996174445295
06071007107,672,555,1227,0.45232273838630804
06071007108,728,295,1023,0.2883675464320626
06071007109,1281,1145,2426,0.47197032151690027
06071007110,210,1293,1503,0.8602794411177644
06071007200,457,1099,1556,0.7062982005141388
06071007302,953,2603,3556,0.7320022497187851
06071007303,1137,696,1833,0.37970540098199673
06071007305,773,832,1605,0.518380062305296
06071007306,1045,1210,2255,0.5365853658536586
06071007403,875,1474,2349,0.6275010642826735
06071007404,349,1151,1500,0.7673333333333333
06071007407,441,394,835,0.4718562874251497
06071007408,757,598,1355,0.44132841328413286
06071007409,407,1360,1767,0.7696661007357103
06071007410,1001,1037,2038,0.5088321884200196
06071007601,745,1276,2021,0.6313706086095993
06071007603,625,975,1600,0.609375
06071007604,250,1057,1307,0.8087222647283856
06071007800,1572,838,2410,0.34771784232365144
06071007901,336,2222,2558,0.8686473807662236
06071007903,199,1312,1511,0.8682991396426207
06071007904,281,1676,1957,0.856412876852325
06071008001,533,1591,2124,0.7490583804143126
06071008002,880,1362,2242,0.6074933095450491
06071008100,851,478,1329,0.35966892400300976
06071008200,858,1352,2210,0.611764705882353
06071008301,683,1542,2225,0.6930337078651685
06071008302,172,1068,1240,0.8612903225806452
06071008401,919,2191,3110,0.7045016077170418
06071008402,419,1866,2285,0.8166301969365427
06071008403,385,1718,2103,0.8169281978126486
06071008404,652,474,1126,0.42095914742451157
06071008500,349,2638,2987,0.8831603615667895
06071008601,649,1435,2084,0.6885796545105566
06071008602,343,1120,1463,0.7655502392344498
06071008703,426,2127,2553,0.8331374853113983
06071008704,638,2016,2654,0.7596081386586285
06071008705,555,1124,1679,0.669446098868374
06071008706,995,3488,4483,0.778050412670087
06071008708,226,1117,1343,0.8317200297840656
06071008709,502,1098,1600,0.68625
06071008710,666,1067,1733,0.6156953260242354
06071008800,594,1584,2178,0.7272727272727273
06071008901,216,656,872,0.7522935779816514
06071009107,656,2010,2666,0.7539384846211553
06071009108,522,1430,1952,0.7325819672131147
06071009109,402,1685,2087,0.8073790129372305
06071009110,851,3896,4747,0.8207288813987782
06071009112,402,1812,2214,0.8184281842818428
06071009114,447,2033,2480,0.819758064516129
06071009116,923,940,1863,0.5045625335480408
06071009117,422,1282,1704,0.7523474178403756
06071009118,1059,4646,5705,0.8143733567046451
06071009119,345,1434,1779,0.806070826306914
06071009201,253,1285,1538,0.8355006501950585
06071009202,133,705,838,0.8412887828162291
06071009300,99,313,412,0.7597087378640777
06071009400,658,689,1347,0.5115070527097253
06071009500,1227,1557,2784,0.5592672413793104
06071009707,620,2349,2969,0.7911754799595824
06071009708,333,1527,1860,0.8209677419354838
06071009709,533,1495,2028,0.7371794871794872
06071009710,739,1423,2162,0.6581868640148011
06071009711,516,2552,3068,0.8318122555410691
06071009712,710,1362,2072,0.6573359073359073
06071009713,396,1784,2180,0.818348623853211
06071009714,233,957,1190,0.8042016806722689
06071009715,577,2157,2734,0.7889539136795903
06071009716,1129,1364,2493,0.547131969514641
06071009717,262,1078,1340,0.8044776119402985
06071009800,538,915,1453,0.6297315898141775
06071009904,1989,1788,3777,0.47339158061953934
06071009905,502,1551,2053,0.7554797856794935
06071009906,276,1108,1384,0.8005780346820809
06071009908,239,1038,1277,0.8128425998433829
06071009910,292,1110,1402,0.7917261055634808
06071009911,328,1527,1855,0.8231805929919137
06071009912,642,957,1599,0.5984990619136961
06071009913,512,1146,1658,0.6911942098914354
06071010004,541,2400,2941,0.8160489629377763
06071010009,240,939,1179,0.7964376590330788
06071010010,544,1248,1792,0.6964285714285714
06071010011,504,967,1471,0.6573759347382733
06071010012,246,1201,1447,0.8299930891499654
06071010013,380,1937,2317,0.8359948208890807
06071010014,499,803,1302,0.6167434715821812
06071010015,364,1256,1620,0.7753086419753087
06071010016,422,1164,1586,0.733921815889029
06071010017,714,3512,4226,0.8310459062943681
06071010018,389,1653,2042,0.8095004897159648
06071010019,361,1110,1471,0.7545887151597552
06071010020,1324,1479,2803,0.5276489475561899
06071010021,326,1754,2080,0.8432692307692308
06071010022,317,1089,1406,0.7745376955903271
06071010023,287,1510,1797,0.8402893711741792
06071010024,270,1408,1678,0.8390941597139452
06071010025,796,1659,2455,0.6757637474541751
06071010026,952,2304,3256,0.7076167076167076
06071010300,423,978,1401,0.6980728051391863
06071010402,883,820,1703,0.48150322959483266
06071010409,245,997,1242,0.8027375201288245
06071010410,175,1059,1234,0.8581847649918962
06071010411,989,1984,2973,0.667339387823747
06071010412,574,2425,2999,0.8086028676225409
06071010413,568,2008,2576,0.7795031055900621
06071010415,479,1564,2043,0.7655408712677435
06071010416,227,1079,1306,0.8261868300153139
06071010417,271,1083,1354,0.7998522895125554
06071010419,446,1467,1913,0.766858337689493
06071010420,538,1271,1809,0.7025981205085683
06071010421,1422,1152,2574,0.44755244755244755
06071010422,186,452,638,0.7084639498432602
06071010423,254,1337,1591,0.8403519798868636
06071010424,170,777,947,0.8204857444561774
06071010700,620,958,1578,0.6070975918884665
06071010802,273,1324,1597,0.8290544771446462
06071010803,231,981,1212,0.8094059405940595
06071010804,212,794,1006,0.7892644135188867
06071010901,327,1354,1681,0.8054729327781083
06071010902,149,661,810,0.8160493827160494
06071011001,169,591,760,0.7776315789473685
06071011002,66,419,485,0.8639175257731959
06071011101,274,921,1195,0.7707112970711297
06071011102,105,618,723,0.8547717842323651
06071011203,181,440,621,0.7085346215780999
06071011204,141,544,685,0.7941605839416058
06071011205,202,294,496,0.592741935483871
06071011206,142,280,422,0.6635071090047393
06071011300,101,560,661,0.8472012102874432
06071011401,386,1401,1787,0.7839955232232793
06071011403,315,1144,1459,0.7840986977381769
06071011404,308,1388,1696,0.8183962264150944
06071011500,156,646,802,0.8054862842892768
06071011600,655,2530,3185,0.7943485086342229
06071011700,152,360,512,0.703125
06071011800,555,1864,2419,0.7705663497312939
06071011900,201,695,896,0.7756696428571429
06071012001,588,1299,1887,0.6883942766295708
06071012002,570,1321,1891,0.698572184029614
06071012101,718,1255,1973,0.6360871768879879
06071012103,258,1118,1376,0.8125
06071012104,419,1439,1858,0.7744886975242196
06071012200,426,1136,1562,0.7272727272727273
06071012400,198,704,902,0.7804878048780488
06071012500,375,935,1310,0.7137404580152672
06071012700,389,976,1365,0.715018315018315
06071025000,1461,1247,2708,0.4604874446085672
06071025100,185,431,616,0.6996753246753247
06071940100,182,428,610,0.7016393442622951
06073000100,212,1046,1258,0.8314785373608903
06073000201,516,564,1080,0.5222222222222223
06073000202,1109,1224,2333,0.5246463780540077
06073000300,1945,1059,3004,0.3525299600532623
06073000400,1377,661,2038,0.32433758586849853
06073000500,810,851,1661,0.5123419626730885
06073000600,1014,742,1756,0.42255125284738043
06073000700,1346,1080,2426,0.4451772464962902
06073000800,1594,1079,2673,0.40366629255518144
06073000900,2150,1055,3205,0.3291731669266771
06073001000,1368,1121,2489,0.45038167938931295
06073001100,916,741,1657,0.4471937235968618
06073001200,1916,1022,2938,0.34785568413886997
06073001300,2138,1204,3342,0.360263315380012
06073001400,760,858,1618,0.5302843016069221
06073001500,858,999,1857,0.5379644588045234
06073001600,1564,945,2509,0.37664408130729377
06073001700,1309,898,2207,0.4068871771635705
06073001800,1534,937,2471,0.37919870497774183
06073001900,404,1100,1504,0.7313829787234043
06073002001,272,1211,1483,0.8165879973027647
06073002002,283,792,1075,0.7367441860465116
06073002100,1201,1154,2355,0.4900212314225053
06073002201,728,448,1176,0.38095238095238093
06073002202,1165,639,1804,0.35421286031042126
06073002301,845,389,1234,0.31523500810372773
06073002302,1403,862,2265,0.3805739514348786
06073002401,975,737,1712,0.4304906542056075
06073002402,917,609,1526,0.39908256880733944
06073002501,552,1018,1570,0.6484076433121019
06073002502,768,1307,2075,0.6298795180722891
06073002601,639,951,1590,0.5981132075471698
06073002602,536,635,1171,0.5422715627668659
06073002702,1127,948,2075,0.4568674698795181
06073002703,998,1331,2329,0.5714899098325461
06073002705,314,984,1298,0.7580893682588598
06073002707,986,588,1574,0.3735705209656925
06073002708,1449,567,2016,0.28125
06073002709,673,544,1217,0.44700082169268696
06073002710,579,646,1225,0.5273469387755102
06073002711,311,604,915,0.6601092896174864
06073002712,842,978,1820,0.5373626373626373
06073002801,399,459,858,0.534965034965035
06073002803,1090,1111,2201,0.5047705588368924
06073002804,338,1101,1439,0.7651146629603892
06073002902,1214,1334,2548,0.5235478806907379
06073002903,395,964,1359,0.7093451066961001
06073002904,1260,1146,2406,0.4763092269326683
06073002905,749,924,1673,0.5523012552301255
06073003001,231,1001,1232,0.8125
06073003003,273,1353,1626,0.8321033210332104
06073003004,492,896,1388,0.6455331412103746
06073003101,180,979,1159,0.8446937014667817
06073003103,286,1326,1612,0.8225806451612904
06073003105,217,907,1124,0.8069395017793595
06073003107,327,1334,1661,0.8031306441902468
06073003108,227,773,1000,0.773
06073003109,144,654,798,0.8195488721804511
06073003111,723,1009,1732,0.5825635103926097
06073003112,280,955,1235,0.7732793522267206
06073003113,209,1043,1252,0.8330670926517572
06073003114,123,674,797,0.8456712672521958
06073003115,645,1166,1811,0.6438431805632248
06073003201,443,919,1362,0.6747430249632893
06073003202,305,954,1259,0.7577442414614773
06073003204,154,827,981,0.8430173292558614
06073003207,858,1217,2075,0.5865060240963855
06073003208,1054,1177,2231,0.5275661138502914
06073003209,901,878,1779,0.49353569421023047
06073003211,166,745,911,0.8177826564215148
06073003212,174,858,1032,0.8313953488372093
06073003213,116,982,1098,0.8943533697632058
06073003214,638,951,1589,0.5984896161107615
06073003301,400,536,936,0.5726495726495726
06073003303,764,490,1254,0.39074960127591707
06073003304,526,535,1061,0.5042412818096136
06073003305,890,811,1701,0.47677836566725457
06073003401,772,1358,2130,0.6375586854460094
06073003403,313,816,1129,0.7227635075287865
06073003404,428,722,1150,0.6278260869565218
06073003501,397,733,1130,0.6486725663716815
06073003502,544,775,1319,0.5875663381349507
06073003601,229,536,765,0.7006535947712418
06073003602,303,490,793,0.617906683480454
06073003603,346,663,1009,0.6570862239841427
06073003901,438,665,1103,0.6029011786038078
06073003902,524,704,1228,0.5732899022801303
06073004000,484,716,1200,0.5966666666666667
06073004100,1701,1165,2866,0.40648988136775993
06073004200,521,1720,2241,0.7675145024542614
06073004300,800,994,1794,0.5540691192865106
06073004400,763,1016,1779,0.5711073636874648
06073004501,889,428,1317,0.3249810174639332
06073004600,695,345,1040,0.3317307692307692
06073004700,345,332,677,0.49039881831610044
06073004800,472,700,1172,0.5972696245733788
06073004900,661,892,1553,0.5743721828718609
06073005000,332,304,636,0.4779874213836478
06073005100,2810,1082,3892,0.27800616649537513
06073005200,3310,1161,4471,0.25967345112950124
06073005300,2035,717,2752,0.2605377906976744
06073005400,3718,1247,4965,0.2511581067472306
06073005600,2290,785,3075,0.2552845528455285
06073005700,549,254,803,0.3163138231631382
06073005800,1844,683,2527,0.2702809655718243
06073005900,1384,647,2031,0.3185622845888725
06073006000,1282,816,2098,0.38894184938036225
06073006100,499,638,1137,0.5611257695690414
06073006500,1074,591,1665,0.35495495495495494
06073006600,221,223,444,0.5022522522522522
06073006801,925,519,1444,0.35941828254847646
06073006802,1756,812,2568,0.3161993769470405
06073006900,617,1540,2157,0.7139545665275846
06073007002,175,1058,1233,0.8580697485806975
06073007100,667,1460,2127,0.686412787964269
06073007200,208,1246,1454,0.8569463548830811
06073007301,1498,1400,2898,0.4830917874396135
06073007302,173,704,877,0.8027366020524516
06073007400,1459,1596,3055,0.5224222585924714
06073007501,1233,1005,2238,0.44906166219839144
06073007502,931,849,1780,0.47696629213483144
06073007600,1148,901,2049,0.4397266959492435
06073007701,1261,846,2107,0.4015187470336972
06073007702,1152,946,2098,0.45090562440419446
06073007800,1372,1087,2459,0.44204961366409107
06073007903,1334,863,2197,0.39280837505689575
06073007905,807,495,1302,0.38018433179723504
06073007907,1030,692,1722,0.40185830429732866
06073007908,913,568,1481,0.3835246455097907
06073007910,910,579,1489,0.3888515782404298
06073008002,268,804,1072,0.75
06073008003,886,829,1715,0.4833819241982507
06073008006,982,839,1821,0.46073585941790224
06073008101,703,995,1698,0.5859835100117785
06073008102,381,1003,1384,0.7247109826589595
06073008200,986,753,1739,0.43300747556066704
06073008301,236,962,1198,0.8030050083472454
06073008303,355,1115,1470,0.7585034013605442
06073008305,376,182,558,0.32616487455197135
06073008306,148,993,1141,0.8702892199824716
06073008307,375,1129,1504,0.7506648936170213
06073008310,377,1824,2201,0.8287142208087233
06073008311,143,925,1068,0.8661048689138576
06073008312,607,1018,1625,0.6264615384615385
06073008313,120,696,816,0.8529411764705882
06073008324,899,2019,2918,0.6919122686771761
06073008327,898,1555,2453,0.6339176518548716
06073008328,338,1817,2155,0.8431554524361949
06073008329,2078,1257,3335,0.37691154422788603
06073008330,693,1250,1943,0.6433350488934637
06073008331,180,727,907,0.8015435501653804
06073008333,1761,3579,5340,0.6702247191011236
06073008335,737,2296,3033,0.757006264424662
06073008336,91,654,745,0.8778523489932886
06073008337,178,1170,1348,0.8679525222551929
06073008339,549,264,813,0.3247232472324723
06073008340,3054,1427,4481,0.3184557018522651
06073008341,2554,932,3486,0.26735513482501433
06073008343,1243,729,1972,0.3696754563894523
06073008344,200,1074,1274,0.8430141287284144
06073008345,797,947,1744,0.5430045871559633
06073008346,454,1279,1733,0.7380265435660704
06073008347,422,1741,2163,0.8049006010171059
06073008348,545,1209,1754,0.6892816419612314
06073008349,247,833,1080,0.7712962962962963
06073008350,906,1331,2237,0.5949932945909701
06073008351,418,907,1325,0.6845283018867925
06073008352,432,681,1113,0.6118598382749326
06073008353,279,1292,1571,0.8224061107574793
06073008354,1782,1627,3409,0.47726606042827807
06073008355,203,794,997,0.7963891675025075
06073008356,621,769,1390,0.5532374100719425
06073008357,606,889,1495,0.5946488294314382
06073008358,597,1663,2260,0.7358407079646018
06073008359,1273,527,1800,0.2927777777777778
06073008360,998,1243,2241,0.5546630968317715
06073008361,865,449,1314,0.3417047184170472
06073008362,846,737,1583,0.4655716993051169
06073008363,1510,597,2107,0.28334124347413386
06073008364,1741,980,2721,0.3601617052554208
06073008365,104,828,932,0.8884120171673819
06073008366,412,1800,2212,0.8137432188065099
06073008501,520,1654,2174,0.7608095676172953
06073008502,629,1709,2338,0.7309666381522669
06073008503,968,1824,2792,0.6532951289398281
06073008504,593,1744,2337,0.7462558836114677
06073008505,608,1494,2102,0.7107516650808754
06073008506,480,1064,1544,0.689119170984456
06073008507,1352,1511,2863,0.5277680754453371
06073008509,1082,1624,2706,0.6001478196600147
06073008510,1155,1644,2799,0.587352625937835
06073008511,1236,913,2149,0.42484876686831086
06073008512,291,1319,1610,0.8192546583850931
06073008513,267,837,1104,0.7581521739130435
06073008600,877,1181,2058,0.5738581146744413
06073008701,673,560,1233,0.45417680454176806
06073008702,898,892,1790,0.4983240223463687
06073008800,952,1016,1968,0.516260162601626
06073008901,1445,1065,2510,0.4243027888446215
06073008902,891,359,1250,0.2872
06073009000,675,675,1350,0.5
06073009101,671,1693,2364,0.7161590524534687
06073009102,1197,646,1843,0.35051546391752575
06073009103,520,1164,1684,0.6912114014251781
06073009104,187,978,1165,0.8394849785407725
06073009106,277,607,884,0.6866515837104072
06073009107,1320,861,2181,0.3947730398899587
06073009201,973,1132,2105,0.5377672209026129
06073009202,1261,1909,3170,0.6022082018927445
06073009301,818,1059,1877,0.5641981885988279
06073009304,3254,1195,4449,0.2685996853225444
06073009305,844,1099,1943,0.5656201749871334
06073009306,998,1397,2395,0.5832985386221294
06073009400,261,271,532,0.5093984962406015
06073009502,596,940,1536,0.6119791666666666
06073009504,454,1647,2101,0.7839124226558781
06073009505,888,1867,2755,0.6776769509981851
06073009506,368,1314,1682,0.7812128418549346
06073009507,540,884,1424,0.6207865168539326
06073009509,1257,857,2114,0.40539262062440873
06073009510,558,765,1323,0.5782312925170068
06073009511,463,529,992,0.5332661290322581
06073009602,449,1212,1661,0.7296809151113787
06073009603,1807,876,2683,0.3265001863585539
06073009604,538,946,1484,0.637466307277628
06073009703,210,1125,1335,0.8426966292134831
06073009704,708,1745,2453,0.7113738279657562
06073009705,478,1063,1541,0.6898118105126542
06073009706,581,2249,2830,0.7946996466431095
06073009801,834,1361,2195,0.6200455580865604
06073009802,757,1673,2430,0.688477366255144
06073009804,304,1496,1800,0.8311111111111111
06073009805,545,1462,2007,0.7284504235176881
06073009901,NA,4,NA,NA
06073010001,283,830,1113,0.7457322551662174
06073010003,200,1342,1542,0.8702983138780804
06073010004,192,965,1157,0.8340535868625756
06073010005,1059,1017,2076,0.48988439306358383
06073010009,922,769,1691,0.4547604967474867
06073010010,755,982,1737,0.565342544617156
06073010011,241,710,951,0.7465825446898002
06073010012,771,554,1325,0.4181132075471698
06073010013,865,636,1501,0.42371752165223187
06073010014,1608,2665,4273,0.6236835946641703
06073010015,197,661,858,0.7703962703962703
06073010103,752,1180,1932,0.6107660455486542
06073010104,242,829,1071,0.7740429505135388
06073010106,794,823,1617,0.5089672232529375
06073010107,646,1139,1785,0.638095238095238
06073010109,334,930,1264,0.7357594936708861
06073010110,981,1286,2267,0.5672695191883547
06073010111,361,456,817,0.5581395348837209
06073010112,1016,449,1465,0.30648464163822525
06073010200,1179,1470,2649,0.5549263873159683
06073010300,443,1050,1493,0.7032819825853985
06073010401,345,484,829,0.5838359469240049
06073010402,1078,936,2014,0.464746772591857
06073010501,202,388,590,0.6576271186440678
06073010502,1165,807,1972,0.4092292089249493
06073010601,266,715,981,0.7288481141692151
06073010800,421,710,1131,0.627763041556145
06073010900,217,706,923,0.7648970747562297
06073011000,869,781,1650,0.47333333333333333
06073011100,674,1177,1851,0.6358725013506212
06073011300,13,27,40,0.675
06073011601,1028,669,1697,0.3942251031231585
06073011602,588,497,1085,0.45806451612903226
06073011700,1225,1106,2331,0.4744744744744745
06073011801,452,655,1107,0.5916892502258356
06073011802,913,1011,1924,0.5254677754677755
06073011902,439,1204,1643,0.7328058429701765
06073012002,725,494,1219,0.4052502050861362
06073012003,254,618,872,0.7087155963302753
06073012101,199,434,633,0.6856240126382307
06073012102,318,606,924,0.6558441558441559
06073012200,236,667,903,0.7386489479512736
06073012302,461,285,746,0.3820375335120643
06073012303,536,714,1250,0.5712
06073012304,446,843,1289,0.6539953452288596
06073012401,726,619,1345,0.46022304832713756
06073012402,1125,807,1932,0.41770186335403725
06073012501,689,566,1255,0.450996015936255
06073012502,879,622,1501,0.41439040639573615
06073012600,573,920,1493,0.6162089752176825
06073012700,1004,788,1792,0.43973214285714285
06073012800,551,870,1421,0.6122448979591837
06073012900,188,769,957,0.8035527690700105
06073013000,685,1073,1758,0.6103526734926052
06073013102,1007,965,1972,0.4893509127789047
06073013103,324,384,708,0.5423728813559322
06073013104,1161,819,1980,0.41363636363636364
06073013203,1296,811,2107,0.3849074513526341
06073013204,445,673,1118,0.6019677996422182
06073013205,341,312,653,0.4777947932618683
06073013206,1350,1101,2451,0.44920440636474906
06073013301,294,1169,1463,0.7990430622009569
06073013302,258,1128,1386,0.8138528138528138
06073013303,451,1000,1451,0.6891798759476223
06073013306,419,765,1184,0.6461148648648649
06073013307,298,794,1092,0.7271062271062271
06073013308,399,554,953,0.5813221406086044
06073013309,330,1544,1874,0.823906083244397
06073013310,2820,5888,8708,0.6761598530087276
06073013311,737,2286,3023,0.7562024478994377
06073013312,266,500,766,0.6527415143603134
06073013313,1524,3836,5360,0.7156716417910448
06073013314,1574,4134,5708,0.7242466713384723
06073013401,285,1092,1377,0.7930283224400871
06073013409,514,1267,1781,0.7113980909601347
06073013410,416,1971,2387,0.8257226644323419
06073013411,254,1333,1587,0.8399495904221802
06073013412,475,1089,1564,0.6962915601023018
06073013414,391,1850,2241,0.8255243195002231
06073013415,117,327,444,0.7364864864864865
06073013416,246,956,1202,0.7953410981697171
06073013417,80,536,616,0.8701298701298701
06073013418,693,1472,2165,0.6799076212471131
06073013419,581,1891,2472,0.764967637540453
06073013420,412,603,1015,0.594088669950739
06073013421,343,918,1261,0.7279936558287073
06073013503,819,1232,2051,0.6006825938566553
06073013504,302,946,1248,0.7580128205128205
06073013505,826,1128,1954,0.5772773797338793
06073013506,356,848,1204,0.7043189368770764
06073013601,633,1288,1921,0.6704841228526809
06073013604,746,1319,2065,0.6387409200968523
06073013605,410,1591,2001,0.7951024487756122
06073013606,1360,1210,2570,0.4708171206225681
06073013701,170,701,871,0.8048220436280138
06073013702,635,1066,1701,0.6266901822457378
06073013801,483,1188,1671,0.7109515260323159
06073013802,378,593,971,0.6107106076210093
06073013903,359,920,1279,0.7193119624706802
06073013905,153,1058,1211,0.8736581337737407
06073013906,618,1030,1648,0.625
06073013907,846,553,1399,0.39528234453180844
06073013908,433,676,1109,0.6095581605049594
06073013909,292,1014,1306,0.776416539050536
06073014001,421,1096,1517,0.7224785761371127
06073014002,256,936,1192,0.785234899328859
06073014101,206,854,1060,0.8056603773584906
06073014102,314,849,1163,0.7300085984522786
06073014200,350,1466,1816,0.8072687224669604
06073014300,388,850,1238,0.6865912762520194
06073014400,1091,559,1650,0.3387878787878788
06073014500,517,810,1327,0.6103993971363979
06073014601,1064,827,1891,0.43733474352194607
06073014602,516,1186,1702,0.6968272620446534
06073014700,954,2015,2969,0.6786796901313573
06073014803,1330,922,2252,0.40941385435168737
06073014804,915,884,1799,0.4913841022790439
06073014805,1077,814,1891,0.43046007403490216
06073014806,679,516,1195,0.43179916317991635
06073014901,814,897,1711,0.5242548217416715
06073014902,623,773,1396,0.5537249283667621
06073015000,1349,1366,2715,0.5031307550644567
06073015100,607,1208,1815,0.665564738292011
06073015200,207,1199,1406,0.852773826458037
06073015301,406,566,972,0.5823045267489712
06073015302,248,1178,1426,0.8260869565217391
06073015403,95,729,824,0.8847087378640777
06073015404,1086,1493,2579,0.5789065529274913
06073015405,450,1440,1890,0.7619047619047619
06073015406,85,726,811,0.8951911220715166
06073015501,383,1443,1826,0.7902519167579408
06073015502,148,844,992,0.8508064516129032
06073015601,686,1254,1940,0.6463917525773196
06073015602,101,610,711,0.8579465541490858
06073015701,1318,745,2063,0.3611245758603975
06073015703,1472,637,2109,0.3020388809862494
06073015704,615,674,1289,0.5228859581070597
06073015801,968,426,1394,0.30559540889526543
06073015802,787,568,1355,0.4191881918819188
06073015901,638,343,981,0.34964322120285424
06073015902,861,870,1731,0.5025996533795494
06073016000,286,567,853,0.6647127784290738
06073016100,645,1524,2169,0.7026279391424619
06073016201,477,1572,2049,0.767203513909224
06073016202,988,426,1414,0.3012729844413013
06073016301,1029,744,1773,0.4196277495769882
06073016302,895,819,1714,0.47782963827304553
06073016401,412,1145,1557,0.7353885677585099
06073016402,1019,1511,2530,0.5972332015810277
06073016502,1088,1241,2329,0.5328467153284672
06073016503,473,618,1091,0.5664527956003667
06073016504,1626,885,2511,0.35244922341696533
06073016605,1299,1857,3156,0.5884030418250951
06073016606,288,868,1156,0.7508650519031141
06073016607,691,1729,2420,0.7144628099173553
06073016608,104,697,801,0.8701622971285893
06073016609,469,1204,1673,0.7196652719665272
06073016610,387,976,1363,0.7160674981658107
06073016612,307,1586,1893,0.837823560486001
06073016613,171,500,671,0.7451564828614009
06073016614,297,949,1246,0.7616372391653291
06073016615,437,538,975,0.5517948717948717
06073016616,363,988,1351,0.7313101406365655
06073016617,641,753,1394,0.5401721664275466
06073016701,1378,2136,3514,0.607854297097325
06073016702,1390,1511,2901,0.520854877628404
06073016802,631,1928,2559,0.7534193044157874
06073016804,1280,1220,2500,0.488
06073016806,507,972,1479,0.6572008113590264
06073016807,578,1856,2434,0.76253081347576
06073016809,376,1438,1814,0.7927232635060639
06073016810,131,749,880,0.8511363636363637
06073016811,400,1207,1607,0.7510889856876167
06073016901,522,1816,2338,0.776732249786142
06073016902,137,703,840,0.8369047619047619
06073017006,162,876,1038,0.8439306358381503
06073017009,612,908,1520,0.5973684210526315
06073017010,141,873,1014,0.8609467455621301
06073017014,487,1030,1517,0.6789716545814107
06073017015,1117,2037,3154,0.6458465440710209
06073017018,958,694,1652,0.42009685230024213
06073017019,710,2275,2985,0.7621440536013401
06073017020,199,1114,1313,0.8484386900228484
06073017021,130,894,1024,0.873046875
06073017022,828,1444,2272,0.6355633802816901
06073017029,591,2344,2935,0.7986371379897785
06073017030,2703,5568,8271,0.6731955023576351
06073017031,557,861,1418,0.6071932299012694
06073017032,1509,2845,4354,0.6534221405604043
06073017033,422,1226,1648,0.7439320388349514
06073017034,650,1061,1711,0.6201052016364699
06073017035,606,583,1189,0.49032800672834315
06073017036,465,727,1192,0.6098993288590604
06073017037,690,1343,2033,0.6606000983767831
06073017039,1263,1529,2792,0.5476361031518625
06073017040,223,1156,1379,0.8382886149383612
06073017041,673,1332,2005,0.6643391521197007
06073017042,997,1722,2719,0.6333210739242369
06073017043,945,1274,2219,0.5741324921135647
06073017044,439,1439,1878,0.7662406815761449
06073017045,110,749,859,0.8719441210710128
06073017046,315,1116,1431,0.779874213836478
06073017047,178,1217,1395,0.8724014336917563
06073017048,920,1232,2152,0.5724907063197026
06073017049,202,754,956,0.7887029288702929
06073017050,346,716,1062,0.6741996233521658
06073017051,738,1250,1988,0.6287726358148893
06073017052,1049,1172,2221,0.5276902296262944
06073017053,129,932,1061,0.8784165881244109
06073017054,402,1472,1874,0.7854855923159018
06073017055,586,1341,1927,0.6959003632589518
06073017056,949,924,1873,0.49332621462893755
06073017104,367,1069,1436,0.7444289693593314
06073017106,228,1295,1523,0.8502954694681549
06073017107,166,826,992,0.8326612903225806
06073017108,322,1359,1681,0.8084473527662106
06073017109,469,1794,2263,0.7927529827662395
06073017110,1112,2807,3919,0.7162541464659352
06073017200,772,1221,1993,0.6126442548921224
06073017303,234,821,1055,0.7781990521327015
06073017304,1318,1282,2600,0.4930769230769231
06073017305,405,942,1347,0.6993318485523385
06073017306,217,873,1090,0.8009174311926606
06073017401,976,1471,2447,0.6011442582754393
06073017403,514,1582,2096,0.7547709923664122
06073017404,977,1825,2802,0.6513204853675946
06073017501,484,763,1247,0.6118684843624699
06073017502,473,806,1279,0.6301798279906177
06073017601,698,1542,2240,0.6883928571428571
06073017603,233,678,911,0.7442371020856202
06073017604,1529,1640,3169,0.5175134111707164
06073017701,923,1339,2262,0.5919540229885057
06073017702,525,851,1376,0.6184593023255814
06073017801,860,1674,2534,0.6606156274664562
06073017808,466,2112,2578,0.8192397207137315
06073017809,168,626,794,0.7884130982367759
06073017810,580,1401,1981,0.707218576476527
06073017811,1069,1608,2677,0.6006723944714233
06073017813,500,1211,1711,0.7077732320280538
06073017900,1760,1348,3108,0.4337194337194337
06073018000,1102,664,1766,0.37599093997734995
06073018100,916,1504,2420,0.6214876033057851
06073018200,1307,1157,2464,0.4695616883116883
06073018300,676,455,1131,0.40229885057471265
06073018400,959,665,1624,0.40948275862068967
06073018504,660,1806,2466,0.732360097323601
06073018507,744,2254,2998,0.7518345563709139
06073018509,1067,726,1793,0.4049079754601227
06073018510,209,725,934,0.7762312633832976
06073018511,973,1010,1983,0.5093292990418558
06073018512,903,1222,2125,0.5750588235294117
06073018513,1463,2090,3553,0.5882352941176471
06073018514,953,2046,2999,0.6822274091363788
06073018515,651,1162,1813,0.640926640926641
06073018516,415,834,1249,0.6677341873498799
06073018517,939,984,1923,0.5117004680187207
06073018518,269,611,880,0.6943181818181818
06073018519,545,914,1459,0.6264564770390678
06073018601,277,1311,1588,0.825566750629723
06073018603,1292,936,2228,0.42010771992818674
06073018608,168,880,1048,0.8396946564885496
06073018609,640,1227,1867,0.6572040707016604
06073018610,661,1371,2032,0.6747047244094488
06073018611,516,2250,2766,0.8134490238611713
06073018612,286,956,1242,0.7697262479871175
06073018613,592,717,1309,0.5477463712757831
06073018614,990,1359,2349,0.578544061302682
06073018700,3230,3515,6745,0.5211267605633803
06073018801,177,1141,1318,0.8657056145675266
06073018802,560,2655,3215,0.8258164852255054
06073018803,485,1369,1854,0.738403451995685
06073018903,504,1163,1667,0.6976604679064187
06073018904,836,1089,1925,0.5657142857142857
06073018905,813,1247,2060,0.6053398058252427
06073018906,838,1272,2110,0.6028436018957346
06073019001,381,1885,2266,0.8318623124448368
06073019002,129,508,637,0.7974882260596546
06073019101,420,1853,2273,0.8152221733391993
06073019103,289,1635,1924,0.8497920997920998
06073019105,466,1709,2175,0.7857471264367816
06073019106,529,2320,2849,0.8143208143208143
06073019107,164,574,738,0.7777777777777778
06073019203,150,780,930,0.8387096774193549
06073019205,874,1032,1906,0.5414480587618048
06073019206,527,815,1342,0.6073025335320418
06073019207,1071,1734,2805,0.6181818181818182
06073019208,210,992,1202,0.8252911813643927
06073019301,378,1862,2240,0.83125
06073019302,1146,1954,3100,0.6303225806451613
06073019303,749,1765,2514,0.7020684168655529
06073019403,266,1240,1506,0.8233731739707836
06073019404,169,633,802,0.7892768079800498
06073019405,597,579,1176,0.4923469387755102
06073019406,495,1034,1529,0.6762589928057554
06073019501,477,413,890,0.4640449438202247
06073019502,728,667,1395,0.47813620071684587
06073019503,845,878,1723,0.5095763203714452
06073019601,745,1439,2184,0.6588827838827839
06073019602,508,1121,1629,0.6881522406384285
06073019701,1070,1278,2348,0.5442930153321976
06073019702,292,1339,1631,0.8209687308399755
06073019803,890,1044,1934,0.5398138572905895
06073019804,232,1400,1632,0.8578431372549019
06073019805,714,917,1631,0.5622317596566524
06073019806,1356,3201,4557,0.7024358130348913
06073019808,595,1545,2140,0.7219626168224299
06073019809,315,1309,1624,0.8060344827586207
06073019902,472,813,1285,0.6326848249027237
06073019903,337,1129,1466,0.7701227830832197
06073019904,1199,1470,2669,0.5507680779318097
06073019905,616,1044,1660,0.6289156626506024
06073020013,1479,3491,4970,0.7024144869215292
06073020014,1076,2028,3104,0.6533505154639175
06073020015,856,1243,2099,0.5921867555979038
06073020016,614,2638,3252,0.8111931119311193
06073020017,602,530,1132,0.46819787985865724
06073020018,920,1290,2210,0.583710407239819
06073020019,955,1848,2803,0.6592936139850161
06073020020,317,1870,2187,0.8550525834476452
06073020021,704,1059,1763,0.6006806579693704
06073020022,587,1700,2287,0.7433318758198514
06073020023,325,1055,1380,0.7644927536231884
06073020024,420,1038,1458,0.7119341563786008
06073020025,730,1001,1731,0.5782784517619873
06073020026,326,1336,1662,0.8038507821901324
06073020027,1344,4553,5897,0.7720875021197219
06073020028,885,307,1192,0.2575503355704698
06073020029,1360,848,2208,0.38405797101449274
06073020103,543,2809,3352,0.8380071599045346
06073020105,740,743,1483,0.5010114632501685
06073020106,238,871,1109,0.7853922452660054
06073020107,242,977,1219,0.8014766201804758
06073020108,910,812,1722,0.4715447154471545
06073020109,247,1105,1352,0.8173076923076923
06073020202,1043,713,1756,0.4060364464692483
06073020206,522,791,1313,0.6024371667936025
06073020207,820,573,1393,0.4113424264178033
06073020208,100,568,668,0.8502994011976048
06073020209,1033,763,1796,0.42483296213808464
06073020210,707,938,1645,0.5702127659574469
06073020211,1045,997,2042,0.48824681684622917
06073020213,670,366,1036,0.3532818532818533
06073020214,1281,595,1876,0.31716417910447764
06073020304,468,1868,2336,0.7996575342465754
06073020305,608,1462,2070,0.706280193236715
06073020306,1269,2143,3412,0.6280773739742087
06073020307,911,1746,2657,0.6571321038765525
06073020308,1853,877,2730,0.32124542124542127
06073020309,458,762,1220,0.6245901639344262
06073020401,118,778,896,0.8683035714285714
06073020403,226,983,1209,0.8130686517783292
06073020404,824,1032,1856,0.5560344827586207
06073020405,171,1065,1236,0.8616504854368932
06073020500,470,909,1379,0.659173313995649
06073020601,756,899,1655,0.543202416918429
06073020602,811,1178,1989,0.5922574157868276
06073020705,183,1238,1421,0.8712174524982407
06073020706,345,1701,2046,0.8313782991202346
06073020707,805,736,1541,0.47761194029850745
06073020708,328,878,1206,0.7280265339966833
06073020709,362,2203,2565,0.858869395711501
06073020710,122,565,687,0.8224163027656477
06073020801,291,1565,1856,0.8432112068965517
06073020805,287,781,1068,0.7312734082397003
06073020806,916,1114,2030,0.548768472906404
06073020807,147,805,952,0.8455882352941176
06073020809,470,1538,2008,0.7659362549800797
06073020810,247,1445,1692,0.8540189125295509
06073020811,317,1656,1973,0.8393309680689306
06073020902,125,628,753,0.8339973439575034
06073020903,311,924,1235,0.7481781376518218
06073020904,157,917,1074,0.8538175046554934
06073021000,375,975,1350,0.7222222222222222
06073021100,557,1929,2486,0.7759452936444087
06073021202,188,912,1100,0.8290909090909091
06073021204,238,1610,1848,0.8712121212121212
06073021205,1114,1489,2603,0.5720322704571648
06073021206,195,938,1133,0.8278905560458959
06073021302,234,1153,1387,0.8312905551550108
06073021303,450,2375,2825,0.8407079646017699
06073021304,124,727,851,0.854289071680376
06073021400,1230,1586,2816,0.5632102272727273
06073021500,829,2646,3475,0.7614388489208633
06073021600,541,381,922,0.41323210412147504
06073021800,251,686,937,0.7321237993596584
06073021900,300,408,708,0.576271186440678
06073022000,732,530,1262,0.41996830427892234
06073022100,1539,2044,3583,0.5704716717834217
06075010100,1495,533,2028,0.26282051282051283
06075010200,1702,813,2515,0.3232604373757455
06075010300,1455,516,1971,0.2617960426179604
06075010400,1708,744,2452,0.3034257748776509
06075010500,1207,515,1722,0.29907084785133564
06075010600,1346,471,1817,0.2592184920198129
06075010700,1894,646,2540,0.2543307086614173
06075010800,1738,714,2452,0.2911908646003263
06075010900,1821,675,2496,0.2704326923076923
06075011000,1941,713,2654,0.2686510926902788
06075011100,2264,822,3086,0.2663642255346727
06075011200,1410,434,1844,0.23535791757049893
06075011300,1142,367,1509,0.24320742213386348
06075011700,806,272,1078,0.2523191094619666
06075011800,554,195,749,0.260347129506008
06075011901,1116,411,1527,0.2691552062868369
06075011902,1247,414,1661,0.24924744130042142
06075012000,1863,638,2501,0.2550979608156737
06075012100,1632,544,2176,0.25
06075012201,1916,699,2615,0.2673040152963671
06075012202,1168,448,1616,0.27722772277227725
06075012301,945,350,1295,0.2702702702702703
06075012302,1500,471,1971,0.2389649923896499
06075012401,2012,750,2762,0.2715423606082549
06075012402,2113,746,2859,0.260930395243092
06075012501,1724,551,2275,0.2421978021978022
06075012502,1651,605,2256,0.26817375886524825
06075012601,1031,454,1485,0.30572390572390573
06075012602,1042,515,1557,0.33076429030186255
06075012700,1467,786,2253,0.3488681757656458
06075012800,1452,798,2250,0.3546666666666667
06075012901,1080,487,1567,0.31078493937460117
06075012902,1491,587,2078,0.28248315688161696
06075013000,1688,705,2393,0.2946092770580861
06075013101,1760,625,2385,0.2620545073375262
06075013102,1059,477,1536,0.310546875
06075013200,1299,900,2199,0.4092769440654843
06075013300,1137,832,1969,0.42254951752158454
06075013400,1164,686,1850,0.3708108108108108
06075013500,1090,452,1542,0.2931258106355383
06075015100,1207,455,1662,0.27376654632972325
06075015200,1638,689,2327,0.29608938547486036
06075015300,651,325,976,0.33299180327868855
06075015400,1777,1059,2836,0.3734132581100141
06075015500,1572,694,2266,0.3062665489849956
06075015600,992,491,1483,0.3310856372218476
06075015700,1771,863,2634,0.32763857251328776
06075015801,1175,565,1740,0.32471264367816094
06075015802,1153,477,1630,0.2926380368098159
06075015900,1543,688,2231,0.30838189152846257
06075016000,1241,446,1687,0.26437462951985774
06075016100,2002,725,2727,0.26585991932526587
06075016200,1336,503,1839,0.27351821642196844
06075016300,1415,625,2040,0.30637254901960786
06075016400,1267,502,1769,0.283776144714528
06075016500,1575,650,2225,0.29213483146067415
06075016600,1670,769,2439,0.3152931529315293
06075016700,1602,771,2373,0.324905183312263
06075016801,1333,617,1950,0.3164102564102564
06075016802,1484,570,2054,0.2775073028237585
06075016900,1126,531,1657,0.3204586602293301
06075017000,1288,895,2183,0.40998625744388456
06075017101,961,771,1732,0.44515011547344113
06075017102,1063,616,1679,0.36688505062537224
06075017601,4386,1533,5919,0.25899645210339584
06075017700,495,231,726,0.3181818181818182
06075017801,1794,659,2453,0.2686506318793314
06075017802,1939,823,2762,0.2979724837074584
06075017902,396,210,606,0.3465346534653465
06075018000,1005,401,1406,0.2852062588904694
06075020100,2360,920,3280,0.2804878048780488
06075020200,2128,1009,3137,0.3216448836467963
06075020300,1302,518,1820,0.2846153846153846
06075020401,783,755,1538,0.4908972691807542
06075020402,1588,881,2469,0.35682462535439446
06075020500,850,550,1400,0.39285714285714285
06075020600,1760,972,2732,0.3557833089311859
06075020700,1722,684,2406,0.28428927680798005
06075020800,2030,736,2766,0.2660882140274765
06075020900,1301,581,1882,0.30871413390010627
06075021000,1374,704,2078,0.3387872954764196
06075021100,980,885,1865,0.4745308310991957
06075021200,666,745,1411,0.5279943302622254
06075021300,579,634,1213,0.5226710634789777
06075021400,991,690,1681,0.41046995835812017
06075021500,1375,1141,2516,0.45349761526232113
06075021600,1091,1010,2101,0.48072346501665875
06075021700,691,1123,1814,0.6190738699007717
06075021800,782,1047,1829,0.5724439584472389
06075022600,1095,441,1536,0.287109375
06075022702,659,397,1056,0.3759469696969697
06075022704,824,714,1538,0.46423927178153446
06075022801,1257,645,1902,0.3391167192429022
06075022802,390,297,687,0.43231441048034935
06075022803,985,555,1540,0.36038961038961037
06075022901,1035,478,1513,0.3159286186384666
06075022902,414,368,782,0.47058823529411764
06075022903,532,541,1073,0.5041938490214353
06075023001,338,1043,1381,0.7552498189717596
06075023003,277,948,1225,0.7738775510204081
06075023102,872,685,1557,0.4399486191393706
06075023103,620,334,954,0.350104821802935
06075023200,432,777,1209,0.6426799007444168
06075023300,594,615,1209,0.5086848635235732
06075023400,381,622,1003,0.6201395812562313
06075025100,467,838,1305,0.6421455938697318
06075025200,697,1323,2020,0.654950495049505
06075025300,948,898,1846,0.48645720476706394
06075025401,681,758,1439,0.5267546907574705
06075025402,372,781,1153,0.6773633998265395
06075025403,578,855,1433,0.5966503838101884
06075025500,750,1972,2722,0.7244673034533431
06075025600,391,1089,1480,0.7358108108108108
06075025701,418,1022,1440,0.7097222222222223
06075025702,444,854,1298,0.6579352850539292
06075025800,259,381,640,0.5953125
06075025900,443,1032,1475,0.6996610169491525
06075026001,561,1106,1667,0.6634673065386922
06075026002,239,770,1009,0.7631318136769079
06075026003,385,1017,1402,0.7253922967189729
06075026004,391,904,1295,0.698069498069498
06075026100,673,1342,2015,0.6660049627791563
06075026200,788,1260,2048,0.615234375
06075026301,438,940,1378,0.6821480406386067
06075026302,523,938,1461,0.6420260095824778
06075026303,422,862,1284,0.6713395638629284
06075026401,272,741,1013,0.7314906219151036
06075026402,343,931,1274,0.7307692307692307
06075026403,430,735,1165,0.630901287553648
06075026404,278,437,715,0.6111888111888112
06075030101,1358,719,2077,0.346172363986519
06075030102,1005,1311,2316,0.5660621761658031
06075030201,1215,712,1927,0.3694862480539699
06075030202,1381,760,2141,0.35497431106959365
06075030301,1013,1319,2332,0.5656089193825042
06075030302,394,1046,1440,0.7263888888888889
06075030400,514,1483,1997,0.7426139208813219
06075030500,278,736,1014,0.7258382642998028
06075030600,172,727,899,0.8086763070077865
06075030700,631,1992,2623,0.7594357605794891
06075030800,575,1729,2304,0.7504340277777778
06075030900,366,1951,2317,0.8420371169615882
06075031000,418,1026,1444,0.7105263157894737
06075031100,706,1627,2333,0.6973853407629661
06075031201,630,1256,1886,0.6659597030752916
06075031202,239,638,877,0.7274800456100342
06075031301,320,993,1313,0.7562833206397562
06075031302,745,1172,1917,0.6113719353155973
06075031400,519,1361,1880,0.7239361702127659
06075032601,1017,772,1789,0.43152599217439913
06075032602,819,959,1778,0.5393700787401575
06075032700,864,1585,2449,0.6472029399755002
06075032801,596,971,1567,0.6196553924696873
06075032802,554,1009,1563,0.6455534229046705
06075032901,492,1257,1749,0.7186963979416809
06075032902,427,972,1399,0.6947819871336669
06075033000,982,1807,2789,0.6479024740050198
06075033100,262,1153,1415,0.8148409893992933
06075033201,472,173,645,0.2682170542635659
06075033203,1056,519,1575,0.3295238095238095
06075033204,1177,499,1676,0.2977326968973747
06075035100,1119,1762,2881,0.6115931968066644
06075035201,686,1224,1910,0.6408376963350786
06075035202,1049,836,1885,0.4435013262599469
06075035300,873,1680,2553,0.6580493537015276
06075035400,930,1620,2550,0.6352941176470588
06075040100,1286,626,1912,0.3274058577405858
06075040200,1523,910,2433,0.37402383888203866
06075042601,1148,641,1789,0.3583007266629402
06075042602,841,508,1349,0.3765752409191994
06075042700,1521,813,2334,0.34832904884318766
06075042800,265,626,891,0.7025813692480359
06075045100,1228,824,2052,0.4015594541910331
06075045200,1906,1082,2988,0.36211512717536815
06075047600,1446,874,2320,0.3767241379310345
06075047701,1273,733,2006,0.3654037886340977
06075047702,806,693,1499,0.46230820547031354
06075047801,869,836,1705,0.49032258064516127
06075047802,761,650,1411,0.4606661941885188
06075047901,1213,1503,2716,0.5533873343151694
06075047902,732,791,1523,0.5193696651346028
06075060100,851,473,1324,0.35725075528700906
06075060400,718,310,1028,0.301556420233463
06075060502,611,382,993,0.38469284994964753
06075060700,4729,1583,6312,0.25079214195183774
06075061000,843,897,1740,0.5155172413793103
06075061100,1558,551,2109,0.26126126126126126
06075061200,512,697,1209,0.576509511993383
06075061400,1642,985,2627,0.37495241720593836
06075061500,6129,2368,8497,0.2786865952689184
06075980200,37,33,70,0.4714285714285714
06075980300,36,12,48,0.25
06075980501,160,79,239,0.3305439330543933
06075980600,150,147,297,0.494949494949495
06075980900,105,36,141,0.2553191489361702
06077000100,1322,518,1840,0.28152173913043477
06077000300,635,403,1038,0.3882466281310212
06077000401,341,918,1259,0.7291501191421763
06077000402,957,664,1621,0.4096236890808143
06077000500,333,468,801,0.5842696629213483
06077000600,273,316,589,0.5365025466893039
06077000700,464,857,1321,0.6487509462528388
06077000801,367,1402,1769,0.7925381571509327
06077000900,674,1353,2027,0.667488899851998
06077001000,518,1374,1892,0.726215644820296
06077001101,439,1405,1844,0.7619305856832972
06077001102,610,1246,1856,0.6713362068965517
06077001200,381,1327,1708,0.7769320843091335
06077001300,603,1399,2002,0.6988011988011988
06077001400,656,1171,1827,0.6409414340448824
06077001500,513,1913,2426,0.7885408079142622
06077001600,220,450,670,0.6716417910447762
06077001700,263,858,1121,0.7653880463871543
06077001800,280,853,1133,0.7528684907325685
06077001900,397,1049,1446,0.7254495159059474
06077002000,299,800,1099,0.7279344858962693
06077002100,507,1092,1599,0.6829268292682927
06077002201,250,568,818,0.6943765281173594
06077002202,359,959,1318,0.7276176024279211
06077002300,449,881,1330,0.662406015037594
06077002401,298,1006,1304,0.7714723926380368
06077002402,137,450,587,0.7666098807495741
06077002503,263,433,696,0.6221264367816092
06077002504,193,849,1042,0.8147792706333973
06077002701,393,1369,1762,0.7769580022701476
06077002702,235,809,1044,0.774904214559387
06077002800,280,1455,1735,0.8386167146974063
06077003106,686,1113,1799,0.6186770428015564
06077003108,887,974,1861,0.523374529822676
06077003109,674,1553,2227,0.6973506960035922
06077003110,747,822,1569,0.5239005736137667
06077003111,920,774,1694,0.45690672963400236
06077003112,464,858,1322,0.64901664145234494
06077003113,1129,875,2004,0.436626746506986
06077003114,817,2798,3615,0.7739972337482711
06077003203,354,1084,1438,0.7538247566063978
06077003205,340,996,1336,0.7455089820359282
06077003208,721,2977,3698,0.8050297458085451
06077003209,190,1122,1312,0.8551829268292683
06077003210,308,716,1024,0.69921875
06077003213,435,1033,1468,0.7036784741144414
06077003214,119,866,985,0.8791878172588833
06077003215,927,772,1699,0.4543849323131254
06077003216,192,755,947,0.7972544878563886
06077003217,464,557,1021,0.545543584720862
06077003305,423,1143,1566,0.7298850574712644
06077003306,533,952,1485,0.641077441077441
06077003307,902,904,1806,0.5005537098560354
06077003308,318,401,719,0.5577190542420027
06077003310,610,879,1489,0.590329079919409
06077003311,360,762,1122,0.679144385026738
06077003312,640,355,995,0.35678391959798994
06077003313,619,368,987,0.3728470111448835
06077003403,210,924,1134,0.8148148148148148
06077003404,596,1205,1801,0.6690727373681288
06077003405,332,710,1042,0.6813819577735125
06077003406,630,686,1316,0.5212765957446809
06077003407,488,444,932,0.47639484978540775
06077003409,468,864,1332,0.6486486486486487
06077003410,508,1253,1761,0.7115275411697899
06077003500,1199,4733,5932,0.797875927174646
06077003601,270,951,1221,0.7788697788697788
06077003602,241,792,1033,0.7666989351403679
06077003700,304,756,1060,0.7132075471698113
06077003801,512,2572,3084,0.833981841763943
06077003802,348,1451,1799,0.8065591995553085
06077003803,250,768,1018,0.7544204322200393
06077003900,133,278,411,0.6763990267639902
06077004001,209,517,726,0.7121212121212122
06077004002,708,2803,3511,0.798348048988892
06077004102,501,2157,2658,0.8115124153498872
06077004104,177,1160,1337,0.8676140613313388
06077004105,476,1412,1888,0.7478813559322034
06077004106,106,454,560,0.8107142857142857
06077004201,758,1789,2547,0.7023949744797802
06077004202,128,576,704,0.8181818181818182
06077004203,493,946,1439,0.6574009728978457
06077004204,610,774,1384,0.5592485549132948
06077004302,735,1540,2275,0.676923076923077
06077004303,477,1505,1982,0.7593340060544904
06077004305,758,1375,2133,0.6446319737458978
06077004307,598,925,1523,0.6073539067629679
06077004308,445,798,1243,0.6419951729686243
06077004402,476,1331,1807,0.7365799667957942
06077004403,416,641,1057,0.6064333017975402
06077004404,444,635,1079,0.5885078776645042
06077004501,315,543,858,0.6328671328671329
06077004502,620,644,1264,0.509493670886076
06077004600,366,1678,2044,0.8209393346379648
06077004701,218,793,1011,0.7843719090009891
06077004703,225,1086,1311,0.8283752860411899
06077004704,333,1397,1730,0.807514450867052
06077004800,409,1550,1959,0.7912200102092904
06077004901,535,2269,2804,0.8092011412268189
06077004902,452,1356,1808,0.75
06077005001,558,1495,2053,0.7282026302971262
06077005003,332,1714,2046,0.8377321603128055
06077005004,476,1540,2016,0.7638888888888888
06077005106,436,2208,2644,0.8350983358547656
06077005108,446,942,1388,0.6786743515850144
06077005109,541,865,1406,0.6152204836415363
06077005110,638,1589,2227,0.713515940727436
06077005113,651,1614,2265,0.7125827814569536
06077005114,685,2209,2894,0.763303386316517
06077005119,396,1695,2091,0.8106169296987088
06077005122,428,1578,2006,0.7866400797607178
06077005123,532,1006,1538,0.6540962288686606
06077005124,508,772,1280,0.603125
06077005125,162,479,641,0.7472698907956318
06077005126,556,758,1314,0.5768645357686454
06077005127,225,1162,1387,0.8377793799567411
06077005129,241,709,950,0.7463157894736843
06077005130,163,690,853,0.8089097303634232
06077005131,195,936,1131,0.8275862068965517
06077005132,320,754,1074,0.702048417132216
06077005133,256,1026,1282,0.8003120124804992
06077005134,310,1248,1558,0.8010269576379975
06077005135,480,2523,3003,0.8401598401598401
06077005202,431,2122,2553,0.8311790050920486
06077005206,1522,5542,7064,0.7845413363533409
06077005207,623,3384,4007,0.8445220863488895
06077005208,419,1493,1912,0.7808577405857741
06077005209,394,1649,2043,0.80714635340186
06077005210,745,2707,3452,0.7841830822711472
06077005302,627,1652,2279,0.7248793330408073
06077005303,605,954,1559,0.6119307248236049
06077005305,555,1326,1881,0.7049441786283892
06077005307,334,720,1054,0.683111954459203
06077005308,322,1042,1364,0.7639296187683284
06077005403,361,1443,1804,0.799889135254989
06077005405,337,725,1062,0.6826741996233522
06077005406,251,762,1013,0.7522211253701876
06077005501,216,457,673,0.6790490341753344
06077005502,103,467,570,0.8192982456140351
06079010002,250,1175,1425,0.8245614035087719
06079010016,368,1325,1693,0.7826343768458358
06079010101,172,527,699,0.753934191702432
06079010102,1585,1436,3021,0.47533929162528965
06079010201,449,2304,2753,0.8369051943334544
06079010202,477,1558,2035,0.7656019656019656
06079010204,945,1496,2441,0.6128635804997952
06079010205,299,1265,1564,0.8088235294117647
06079010300,632,3134,3766,0.8321826872012745
06079010403,316,1431,1747,0.819118488838008
06079010404,218,775,993,0.7804632426988922
06079010503,660,1733,2393,0.7241955704137066
06079010504,278,1034,1312,0.788109756097561
06079010602,654,1268,1922,0.659729448491155
06079010603,255,377,632,0.5965189873417721
06079010701,420,1552,1972,0.7870182555780934
06079010703,498,923,1421,0.6495425756509501
06079010707,577,2232,2809,0.79458882164471345
06079010901,736,295,1031,0.28612997090203685
06079010902,845,616,1461,0.4216290212183436
06079011001,789,1193,1982,0.6019172552976791
06079011002,478,847,1325,0.639245283018868
06079011101,1028,843,1871,0.45056119722073756
06079011102,1145,1377,2522,0.5459952418715305
06079011103,507,884,1391,0.6355140186915887
06079011200,1111,1768,2879,0.614102118791247
06079011300,1079,1765,2844,0.620604781997187
06079011501,253,501,754,0.6644562334217506
06079011503,299,1018,1317,0.7729688686408505
06079011504,48,190,238,0.7983193277310925
06079011600,396,1364,1760,0.775
06079011701,661,1595,2256,0.7070035460992907
06079011704,671,1277,1948,0.6555441478439425
06079011800,544,2340,2884,0.811373092926491
06079011901,335,973,1308,0.7438837920489296
06079011902,1186,2172,3358,0.646813579511614
06079012000,1207,1888,3095,0.610016155088853
06079012102,744,1468,2212,0.6636528028933092
06079012200,884,1593,2477,0.6431166733952361
06079012302,396,1701,2097,0.8111587982832618
06079012304,781,3437,4218,0.8148411569464201
06079012401,447,1464,1911,0.7660910518053375
06079012402,907,2486,3393,0.7326849395814913
06079012502,673,1404,2077,0.6759749638902263
06079012503,1123,1440,2563,0.5618415918845103
06079012505,419,1499,1918,0.7815432742440042
06079012600,765,2298,3063,0.7502448579823702
06079012702,519,2189,2708,0.8083456425406204
06079012704,653,2825,3478,0.8122484186313974
06079012800,73,32,105,0.3047619047619048
06079012900,371,1507,1878,0.8024494142705005
06079013000,318,743,1061,0.700282752120641
06081600100,635,1426,2061,0.6918971373119844
06081600200,421,778,1199,0.6488740617180984
06081600300,329,999,1328,0.7522590361445783
06081600401,478,594,1072,0.5541044776119403
06081600402,332,922,1254,0.7352472089314195
06081600500,916,1305,2221,0.5875731652408824
06081600600,648,852,1500,0.568
06081600700,882,1202,2084,0.5767754318618042
06081600800,1977,810,2787,0.2906350914962325
06081600900,242,1124,1366,0.8228404099560761
06081601000,383,1666,2049,0.813079551000488
06081601100,335,1556,1891,0.8228450555261766
06081601200,776,1370,2146,0.6383970177073626
06081601300,1581,973,2554,0.38097102584181675
06081601400,623,1549,2172,0.7131675874769797
06081601501,365,984,1349,0.7294292068198666
06081601502,1240,604,1844,0.3275488069414317
06081601601,351,563,914,0.6159737417943107
06081601603,580,1321,1901,0.6948974224092583
06081601604,738,368,1106,0.33273056057866185
06081601605,265,1419,1684,0.8426365795724465
06081601700,199,1118,1317,0.8488990129081245
06081601800,392,1689,2081,0.8116290245074483
06081601901,427,959,1386,0.6919191919191919
06081601902,1312,894,2206,0.40525838621940163
06081602000,555,1999,2554,0.7826938136256852
06081602100,474,567,1041,0.5446685878962536
06081602200,1301,1164,2465,0.472210953346856
06081602300,295,844,1139,0.7410008779631255
06081602400,836,1816,2652,0.6847662141779789
06081602500,250,1284,1534,0.8370273794002607
06081602600,1330,1486,2816,0.5276988636363636
06081602700,563,1379,1942,0.7100926879505665
06081602800,406,1080,1486,0.7267833109017496
06081602900,606,991,1597,0.6205385097056982
06081603000,708,1075,1783,0.6029164329781268
06081603100,203,991,1194,0.8299832495812395
06081603200,251,1092,1343,0.8131049888309755
06081603300,456,1935,2391,0.8092848180677541
06081603400,422,1592,2014,0.7904667328699106
06081603700,282,1508,1790,0.8424581005586592
06081603801,822,369,1191,0.30982367758186397
06081603802,499,1382,1881,0.73471557682084
06081603900,628,1361,1989,0.6842634489693313
06081604000,185,952,1137,0.8372911169744943
06081604101,1252,1232,2484,0.49597423510466987
06081604102,1217,442,1659,0.2664255575647981
06081604200,288,826,1114,0.7414721723518851
06081604400,905,887,1792,0.49497767857142855
06081604500,256,1014,1270,0.7984251968503937
06081604600,127,796,923,0.8624052004333694
06081604700,166,784,950,0.8252631578947368
06081604800,795,1064,1859,0.57235072619688
06081604900,356,826,1182,0.6988155668358714
06081605000,963,1915,2878,0.6653926337734538
06081605100,694,628,1322,0.4750378214826021
06081605200,287,954,1241,0.7687348912167606
06081605300,764,1043,1807,0.5771997786386276
06081605400,1135,1448,2583,0.5605884630274874
06081605500,1705,893,2598,0.3437259430331024
06081605600,216,1679,1895,0.8860158311345646
06081605700,239,1499,1738,0.8624856156501726
06081605800,263,724,987,0.7335359675785208
06081605900,1671,889,2560,0.347265625
06081606000,1285,806,2091,0.38546150167384025
06081606100,435,924,1359,0.6799116997792495
06081606200,997,1222,2219,0.5506985128436233
06081606300,1026,779,1805,0.43157894736842106
06081606400,1487,926,2413,0.3837546622461666
06081606500,202,1074,1276,0.841692789968652
06081606600,576,828,1404,0.5897435897435898
06081606700,238,739,977,0.7563971340839304
06081606800,362,949,1311,0.7238749046529367
06081606900,201,762,963,0.7912772585669782
06081607000,524,901,1425,0.632280701754386
06081607100,143,935,1078,0.8673469387755102
06081607200,893,726,1619,0.4484249536751081
06081607300,199,1119,1318,0.8490136570561456
06081607400,983,1013,1996,0.5075150300601202
06081607500,1243,1083,2326,0.4656061908856406
06081607600,364,911,1275,0.7145098039215686
06081607701,413,794,1207,0.6578293289146645
06081607702,130,685,815,0.8404907975460123
06081607800,134,870,1004,0.8665338645418327
06081607900,937,714,1651,0.43246517262265294
06081608001,849,651,1500,0.434
06081608002,427,972,1399,0.6947819871336669
06081608004,1963,1330,3293,0.40388703310051627
06081608013,643,914,1557,0.5870263326910726
06081608023,133,731,864,0.8460648148148148
06081608100,521,872,1393,0.6259870782483847
06081608200,400,930,1330,0.6992481203007519
06081608300,542,812,1354,0.5997045790251108
06081608400,1207,995,2202,0.4518619436875568
06081608501,525,1176,1701,0.691358024691358
06081608502,636,501,1137,0.44063324538258575
06081608600,855,952,1807,0.5268400664084117
06081608700,813,1715,2528,0.6784018987341772
06081608800,262,1890,2152,0.8782527881040892
06081608900,1582,1393,2975,0.4682352941176471
06081609000,290,667,957,0.696969696969697
06081609100,89,459,548,0.8375912408759124
06081609201,556,941,1497,0.6285905143620575
06081609202,1153,769,1922,0.4001040582726327
06081609300,236,951,1187,0.8011794439764112
06081609400,140,955,1095,0.8721461187214612
06081609500,264,1413,1677,0.8425760286225402
06081609601,308,926,1234,0.7504051863857374
06081609602,145,521,666,0.7822822822822822
06081609603,546,1492,2038,0.732090284592738
06081609700,219,1487,1706,0.8716295427901524
06081609800,318,1386,1704,0.8133802816901409
06081609900,180,922,1102,0.8366606170598911
06081610000,873,1168,2041,0.5722684958353749
06081610100,406,573,979,0.585291113381001
06081610201,1064,724,1788,0.40492170022371365
06081610202,1246,475,1721,0.2760023242300988
06081610203,698,378,1076,0.3513011152416357
06081610302,576,706,1282,0.5507020280811232
06081610303,1257,2063,3320,0.6213855421686747
06081610304,701,1176,1877,0.6265316995205115
06081610400,599,1099,1698,0.6472320376914017
06081610500,451,919,1370,0.6708029197080292
06081610601,837,772,1609,0.4798011187072716
06081610602,253,951,1204,0.7898671096345515
06081610700,1039,1070,2109,0.5073494547178757
06081610800,1029,611,1640,0.3725609756097561
06081610900,1274,1254,2528,0.49604430379746833
06081611000,873,1508,2381,0.6333473330533389
06081611100,445,1886,2331,0.8090948090948091
06081611200,176,869,1045,0.8315789473684211
06081611300,519,1472,1991,0.7393269713711703
06081611400,156,1146,1302,0.880184331797235
06081611500,127,786,913,0.8608981380065718
06081611600,104,675,779,0.8664955070603337
06081611700,473,978,1451,0.6740179186767746
06081611800,193,758,951,0.7970557308096741
06081611900,838,1882,2720,0.6919117647058823
06081612000,409,1181,1590,0.7427672955974842
06081612100,1872,952,2824,0.3371104815864023
06081612500,949,911,1860,0.48978494623655916
06081612600,1110,964,2074,0.4648023143683703
06081612700,89,690,779,0.8857509627727856
06081612800,146,916,1062,0.8625235404896422
06081612900,420,1352,1772,0.7629796839729119
06081613000,590,796,1386,0.5743145743145743
06081613200,456,2033,2489,0.816793893129771
06081613300,106,827,933,0.8863879957127545
06081613400,141,952,1093,0.8709972552607502
06081613501,405,1136,1541,0.737183646982479
06081613502,491,1913,2404,0.7957570715474209
06081613600,515,1757,2272,0.7733274647887324
06081613700,1116,2515,3631,0.6926466538143762
06081613800,273,1095,1368,0.8004385964912281
06081613900,571,1660,2231,0.7440609592111161
06081614000,502,1316,1818,0.7238723872387238
06083000101,952,1353,2305,0.5869848156182212
06083000102,1063,1230,2293,0.5364151766245093
06083000103,204,1048,1252,0.8370607028753994
06083000200,1105,1086,2191,0.4956640803286171
06083000301,722,478,1200,0.3983333333333333
06083000302,1121,896,2017,0.4442240951908775
06083000400,1221,1445,2666,0.5420105026256564
06083000501,241,1128,1369,0.8239590942293645
06083000502,601,1860,2461,0.7557903291344982
06083000600,665,1659,2324,0.713855421686747
06083000700,693,1535,2228,0.6889587073608617
06083000801,402,793,1195,0.6635983263598326
06083000804,1102,1066,2168,0.49169741697416974
06083000900,1061,714,1775,0.40225352112676055
06083001000,1739,1336,3075,0.43447154471544713
06083001101,607,984,1591,0.6184789440603394
06083001102,743,621,1364,0.45527859237536655
06083001203,585,689,1274,0.5408163265306123
06083001206,1026,616,1642,0.3751522533495737
06083001208,636,1052,1688,0.6232227488151659
06083001304,921,2186,3107,0.7035725780495655
06083001306,472,1033,1505,0.6863787375415282
06083001402,561,892,1453,0.6139022711631108
06083001500,195,916,1111,0.8244824482448245
06083001601,475,1461,1936,0.7546487603305785
06083001604,1012,973,1985,0.490176322418136
06083001704,617,476,1093,0.4354986276303751
06083001706,449,1294,1743,0.7423981640849111
06083001800,85,336,421,0.7980997624703088
06083001901,753,2055,2808,0.7318376068376068
06083001903,811,1794,2605,0.6886756238003838
06083001905,218,868,1086,0.7992633517495396
06083001906,426,1892,2318,0.816220880069025
06083002005,366,1569,1935,0.8108527131782945
06083002006,149,756,905,0.8353591160220994
06083002007,1137,2631,3768,0.6982484076433121
06083002008,609,1648,2257,0.7301727957465662
06083002009,282,1078,1360,0.7926470588235294
06083002010,207,1352,1559,0.8672225785760103
06083002011,462,1290,1752,0.7363013698630136
06083002012,266,996,1262,0.7892234548335975
06083002013,188,833,1021,0.8158667972575906
06083002101,537,818,1355,0.603690036900369
06083002102,222,555,777,0.7142857142857143
06083002103,786,651,1437,0.453027139874739
06083002205,503,822,1325,0.6203773584905661
06083002206,669,860,1529,0.5624591236102028
06083002209,257,619,876,0.70662100456621
06083002210,178,1340,1518,0.8827404479578392
06083002211,634,1497,2131,0.7024870952604411
06083002303,229,1119,1348,0.8301186943620178
06083002304,564,740,1304,0.5674846625766872
06083002305,331,1137,1468,0.7745231607629428
06083002306,469,1902,2371,0.8021931674398988
06083002402,1463,2052,3515,0.5837837837837838
06083002403,843,656,1499,0.437625083388926
06083002404,1081,693,1774,0.3906426155580609
06083002502,662,1415,2077,0.6812710640346654
06083002604,24,22,46,0.4782608695652174
06083002606,314,711,1025,0.6936585365853658
06083002702,1339,899,2238,0.401697944593387
06083002703,406,948,1354,0.7001477104874446
06083002705,691,747,1438,0.519471488178025
06083002706,855,948,1803,0.5257903494176372
06083002707,356,586,942,0.6220806794055201
06083002708,375,679,1054,0.644212523719165
06083002802,704,1649,2353,0.7008074798130047
06083002806,201,632,833,0.75870348139255706
06083002808,591,2206,2797,0.7887021809081158
06083002809,231,1458,1689,0.8632326820603907
06083002906,216,991,1207,0.8210439105219552
06083002907,255,1116,1371,0.8140043763676149
06083002909,302,1354,1656,0.8176328502415459
06083002913,485,973,1458,0.6673525377229081
06083002914,488,798,1286,0.6205287713841369
06083002915,216,136,352,0.38636363636363635
06083002922,579,367,946,0.3879492600422833
06083002924,1169,412,1581,0.2605945604048071
06083002926,1296,537,1833,0.29296235679214405
06083002928,925,458,1383,0.33116413593637023
06083002930,1684,1428,3112,0.4588688946015424
06083002932,240,569,809,0.7033374536464772
06083003001,1359,890,2249,0.3957314361938639
06083003004,264,1302,1566,0.8314176245210728
06083003005,438,1106,1544,0.716321243523316
06083003007,368,1059,1427,0.7421163279607569
06083003102,213,919,1132,0.8118374558303887
06085500100,1060,1557,2617,0.5949560565533053
06085500200,1140,878,2018,0.43508424182358774
06085500300,691,811,1502,0.5399467376830892
06085500400,492,553,1045,0.5291866028708134
06085500500,650,1443,2093,0.6894409937888198
06085500600,1323,1180,2503,0.47143427886536154
06085500800,1467,761,2228,0.34156193895870735
06085500901,1569,602,2171,0.27729157070474436
06085500902,375,187,562,0.33274021352313166
06085501000,1562,772,2334,0.33076263924592975
06085501101,1219,780,1999,0.3901950975487744
06085501102,314,1021,1335,0.7647940074906368
06085501200,457,811,1268,0.639589905362776
06085501300,439,645,1084,0.5950184501845018
06085501401,581,466,1047,0.44508118433619864
06085501402,362,451,813,0.5547355473554736
06085501501,537,729,1266,0.5758293838862559
06085501502,496,739,1235,0.5983805668016194
06085501600,1517,1036,2553,0.4057971014492754
06085501700,688,678,1366,0.49633967789165445
06085501800,479,1291,1770,0.7293785310734463
06085501900,1752,981,2733,0.3589462129527991
06085502001,853,1164,2017,0.5770946950917204
06085502002,969,850,1819,0.4672897196261682
06085502101,712,1235,1947,0.6343091936312275
06085502102,1452,1201,2653,0.45269506219374295
06085502201,2101,1033,3134,0.3296107211231653
06085502202,608,733,1341,0.546607009694258
06085502301,478,873,1351,0.6461880088823094
06085502302,642,632,1274,0.49607535321821034
06085502400,768,2152,2920,0.736986301369863
06085502500,410,1959,2369,0.8269311945968764
06085502601,431,748,1179,0.6344359626802375
06085502603,242,759,1001,0.7582417582417582
06085502604,1453,646,2099,0.3077656026679371
06085502701,834,1109,1943,0.570766855378281
06085502702,1048,2034,3082,0.6599610642439974
06085502800,202,1157,1359,0.8513612950699043
06085502901,697,1510,2207,0.6841866787494336
06085502902,562,2250,2812,0.8001422475106685
06085502903,274,1645,1919,0.8572173006774362
06085502906,502,1006,1508,0.6671087533156499
06085502907,161,1127,1288,0.875
06085502908,607,1769,2376,0.7445286195286195
06085502909,851,1170,2021,0.5789213260762
06085502910,620,786,1406,0.5590327169274538
06085503001,274,1315,1589,0.8275645059786029
06085503002,264,976,1240,0.7870967741935484
06085503003,237,1601,1838,0.8710554951033732
06085503105,427,335,762,0.43963254593175854
06085503108,1499,1549,3048,0.5082020997375328
06085503110,657,473,1130,0.41858407079646015
06085503111,237,831,1068,0.7780898876404494
06085503112,816,715,1531,0.46701502286087526
06085503113,579,746,1325,0.5630188679245283
06085503115,1322,1698,3020,0.562251655629139
06085503116,1188,1119,2307,0.4850455136540962
06085503117,401,385,786,0.48982188295165396
06085503118,978,675,1653,0.40834845735027225
06085503121,898,591,1489,0.39691067830758897
06085503122,763,524,1287,0.40714840714840717
06085503123,1005,615,1620,0.37962962962962965
06085503204,825,1441,2266,0.6359223300970874
06085503207,156,895,1051,0.851569933396765
06085503208,139,748,887,0.8432919954904171
06085503210,195,798,993,0.8036253776435045
06085503211,201,975,1176,0.8290816326530612
06085503212,151,835,986,0.8468559837728195
06085503213,485,786,1271,0.6184107002360346
06085503214,1078,1271,2349,0.5410813111962537
06085503217,430,702,1132,0.6201413427561837
06085503218,567,620,1187,0.5223251895534962
06085503304,740,1092,1832,0.5960698689956332
06085503305,431,1050,1481,0.7089804186360568
06085503306,179,743,922,0.8058568329718004
06085503312,211,869,1080,0.8046296296296296
06085503313,185,1129,1314,0.8592085235920852
06085503315,608,1456,2064,0.7054263565891473
06085503321,127,997,1124,0.8870106761565836
06085503322,155,898,1053,0.8528015194681862
06085503323,216,1020,1236,0.8252427184466019
06085503324,121,771,892,0.8643497757847534
06085503325,182,987,1169,0.844311377245509
06085503326,197,1606,1803,0.8907376594564614
06085503327,317,1046,1363,0.7674247982391783
06085503329,214,915,1129,0.8104517271922055
06085503330,398,1739,2137,0.8137576041179223
06085503331,379,979,1358,0.7209131075110456
06085503332,730,1839,2569,0.7158427403659011
06085503333,254,1096,1350,0.8118518518518518
06085503334,375,2234,2609,0.8562667688769644
06085503336,186,689,875,0.7874285714285715
06085503337,263,694,957,0.7251828631138976
06085503401,171,779,950,0.82
06085503402,526,634,1160,0.5465517241379311
06085503504,224,970,1194,0.8123953098827471
06085503506,402,848,1250,0.6784
06085503507,65,315,380,0.8289473684210527
06085503508,242,1099,1341,0.819537658463833
06085503509,151,743,894,0.831096196868009
06085503510,440,946,1386,0.6825396825396826
06085503511,131,724,855,0.8467836257309942
06085503601,410,492,902,0.5454545454545454
06085503602,567,812,1379,0.5888324873096447
06085503703,308,618,926,0.6673866090712743
06085503707,578,846,1424,0.5941011235955056
06085503708,283,494,777,0.6357786357786358
06085503709,1247,734,1981,0.37051993942453304
06085503710,562,522,1084,0.48154981549815495
06085503711,343,714,1057,0.6754966887417219
06085503712,914,506,1420,0.3563380281690141
06085503713,777,349,1126,0.3099467140319716
06085503802,556,1766,2322,0.7605512489233419
06085503803,378,990,1368,0.7236842105263158
06085503804,555,1108,1663,0.6662657847263981
06085503902,452,1085,1537,0.7059206245933637
06085503903,234,715,949,0.7534246575342466
06085504001,620,917,1537,0.5966167859466494
06085504002,478,897,1375,0.6523636363636364
06085504101,181,910,1091,0.8340971585701191
06085504102,233,1088,1321,0.8236184708554126
06085504201,330,1283,1613,0.7954122752634842
06085504202,210,1186,1396,0.8495702005730659
06085504307,436,1330,1766,0.753114382785957
06085504308,333,1191,1524,0.781496062992126
06085504311,860,1726,2586,0.6674400618716164
06085504314,192,1121,1313,0.8537699923838538
06085504315,443,1503,1946,0.7723535457348407
06085504316,401,1024,1425,0.7185964912280701
06085504317,197,1020,1217,0.838126540673788
06085504318,670,1023,1693,0.6042528056704075
06085504319,680,1781,2461,0.7236895570906136
06085504320,114,723,837,0.8637992831541219
06085504321,538,1119,1657,0.6753168376584189
06085504322,1183,930,2113,0.4401325130146711
06085504323,743,1114,1857,0.5998922994076468
06085504410,306,866,1172,0.7389078498293515
06085504411,291,1239,1530,0.8098039215686275
06085504412,547,792,1339,0.5914861837191935
06085504413,297,432,729,0.5925925925925926
06085504414,250,1329,1579,0.8416719442685244
06085504415,268,1354,1622,0.8347718865598027
06085504416,258,831,1089,0.7630853994490359
06085504417,15,92,107,0.8598130841121495
06085504418,656,779,1435,0.5428571428571428
06085504420,340,1162,1502,0.7736351531291611
06085504421,243,1152,1395,0.8258064516129032
06085504422,224,829,1053,0.7872744539411206
06085504423,92,580,672,0.8630952380952381
06085504504,1838,1806,3644,0.495609220636663
06085504505,1256,1792,3048,0.5879265091863517
06085504506,1030,1169,2199,0.5316052751250568
06085504507,472,1313,1785,0.7355742296918768
06085504601,136,229,365,0.6273972602739726
06085504602,196,432,628,0.6878980891719745
06085504700,81,62,143,0.43356643356643354
06085504802,633,1061,1694,0.6263282172373081
06085504803,1530,1251,2781,0.44983818770226536
06085504805,1472,1485,2957,0.5021981738248225
06085504806,157,639,796,0.8027638190954773
06085504901,2282,1680,3962,0.42402826855123676
06085505001,1563,2025,3588,0.56438127090301
06085505006,3749,1586,5335,0.297282099343955
06085505007,293,660,953,0.6925498426023085
06085505008,2605,884,3489,0.2533677271424477
06085505009,2558,1545,4103,0.37655374116500123
06085505100,1263,776,2039,0.3805787150564002
06085505202,1532,1006,2538,0.3963750985027581
06085505203,575,707,1282,0.5514820592823713
06085505301,825,933,1758,0.5307167235494881
06085505302,540,963,1503,0.6407185628742516
06085505303,1117,1001,2118,0.4726156751652502
06085505304,152,915,1067,0.8575445173383318
06085505305,746,1374,2120,0.6481132075471698
06085505401,1497,1217,2714,0.44841562269712604
06085505402,432,698,1130,0.6176991150442478
06085505403,1869,1463,3332,0.43907563025210083
06085505500,597,1000,1597,0.6261740763932373
06085505600,595,567,1162,0.4879518072289157
06085505700,1180,1066,2246,0.4746215494211932
06085505800,427,1157,1584,0.7304292929292929
06085505900,1469,1736,3205,0.5416536661466459
06085506000,647,1115,1762,0.6328036322360954
06085506101,398,1162,1560,0.7448717948717949
06085506102,594,1008,1602,0.6292134831460674
06085506103,448,1211,1659,0.729957805907173
06085506202,914,1650,2564,0.6435257410296412
06085506203,1542,758,2300,0.32956521739130434
06085506204,624,1402,2026,0.6920039486673247
06085506301,1276,962,2238,0.4298480786416443
06085506302,718,1549,2267,0.6832818703131892
06085506304,1284,877,2161,0.4058306339657566
06085506305,1442,970,2412,0.4021558872305141
06085506401,1247,983,2230,0.4408071748878924
06085506402,1113,1076,2189,0.4915486523526725
06085506501,1507,948,2455,0.38615071283095725
06085506502,926,891,1817,0.49036873968079253
06085506503,1471,1250,2721,0.4593899301727306
06085506601,720,965,1685,0.5727002967359051
06085506603,265,1089,1354,0.8042836041358936
06085506604,525,2093,2618,0.7994652406417112
06085506605,725,899,1624,0.5535714285714286
06085506606,614,889,1503,0.5914836992681304
06085506701,248,1014,1262,0.803486529318542
06085506702,682,1192,1874,0.6360725720384205
06085506703,499,809,1308,0.6185015290519877
06085506801,654,1424,2078,0.685274302213667
06085506802,490,1392,1882,0.7396386822529224
06085506803,601,1749,2350,0.7442553191489362
06085506804,260,1081,1341,0.8061148396718867
06085506900,539,2157,2696,0.8000741839762612
06085507001,934,2023,2957,0.6841393304024349
06085507002,133,855,988,0.8653846153846154
06085507100,650,694,1344,0.5163690476190477
06085507203,478,696,1174,0.5928449744463373
06085507205,427,1440,1867,0.7712908409212641
06085507206,95,769,864,0.8900462962962963
06085507301,538,1930,2468,0.7820097244732577
06085507302,214,794,1008,0.7876984126984127
06085507401,299,1693,1992,0.8498995983935743
06085507402,291,1146,1437,0.7974947807933194
06085507500,289,1789,2078,0.8609239653512993
06085507600,346,1689,2035,0.82997542997543
06085507701,282,1044,1326,0.7873303167420814
06085507702,286,1780,2066,0.861568247821878
06085507703,936,1814,2750,0.6596363636363637
06085507805,1076,968,2044,0.4735812133072407
06085507806,1054,960,2014,0.4766633565044687
06085507807,313,737,1050,0.7019047619047619
06085507808,363,1412,1775,0.7954929577464789
06085507903,297,1300,1597,0.8140262993112085
06085507904,137,947,1084,0.8736162361623616
06085507905,954,1159,2113,0.5485092285849503
06085507906,171,1206,1377,0.8758169934640523
06085508001,1261,1650,2911,0.5668155273102027
06085508003,287,489,776,0.6301546391752577
06085508004,609,1386,1995,0.6947368421052632
06085508101,859,1473,2332,0.6316466552315609
06085508102,594,734,1328,0.552710843373494
06085508202,804,1824,2628,0.6940639269406392
06085508203,479,1322,1801,0.7340366463076069
06085508204,416,1024,1440,0.7111111111111111
06085508301,331,1242,1573,0.789574062301335
06085508303,107,765,872,0.8772935779816514
06085508304,1715,1304,3019,0.43193110301424315
06085508401,738,1740,2478,0.7021791767554479
06085508403,215,833,1048,0.7948473282442748
06085508404,799,1595,2394,0.66624895572264
06085508503,1443,1119,2562,0.43676814988290397
06085508504,2185,1163,3348,0.3473715651135006
06085508505,840,1079,1919,0.5622720166753518
06085508507,895,407,1302,0.31259600614439326
06085508508,831,1149,1980,0.5803030303030303
06085508601,307,1032,1339,0.7707244212098581
06085508602,1300,942,2242,0.4201605709188225
06085508703,1738,1425,3163,0.4505216566550743
06085508704,1651,1359,3010,0.4514950166112957
06085508800,747,697,1444,0.4826869806094183
06085508900,764,885,1649,0.5366889023650697
06085509000,1052,1501,2553,0.5879357618488054
06085509102,1349,936,2285,0.40962800875273525
06085509105,1712,1365,3077,0.4436139096522587
06085509106,906,776,1682,0.46135552913198574
06085509107,1446,499,1945,0.2565552699228792
06085509108,1127,798,1925,0.41454545454545455
06085509109,1015,1078,2093,0.5150501672240803
06085509201,1491,1094,2585,0.42321083172147
06085509202,764,1031,1795,0.5743732590529248
06085509302,370,869,1239,0.7013720742534302
06085509303,1056,678,1734,0.39100346020761245
06085509304,731,684,1415,0.4833922261484099
06085509401,1070,646,1716,0.3764568764568765
06085509403,1680,586,2266,0.2586054721977052
06085509404,1789,1052,2841,0.37029215065117915
06085509500,1480,795,2275,0.34945054945054943
06085509600,869,726,1595,0.45517241379310347
06085509700,639,797,1436,0.5550139275766016
06085509801,807,1472,2279,0.6458973233874507
06085509802,328,821,1149,0.7145343777197564
06085509901,153,588,741,0.7935222672064778
06085509902,536,1309,1845,0.7094850948509485
06085510001,271,1741,2012,0.8653081510934394
06085510002,173,1077,1250,0.8616
06085510100,142,895,1037,0.863066538090646
06085510200,182,1252,1434,0.8730822873082287
06085510300,611,1105,1716,0.6439393939393939
06085510400,332,970,1302,0.7450076804915514
06085510500,427,1266,1693,0.7477849970466627
06085510600,808,1404,2212,0.6347197106690777
06085510700,928,1097,2025,0.5417283950617284
06085510801,801,1465,2266,0.646513680494263
06085510802,178,526,704,0.7471590909090909
06085510803,339,692,1031,0.6711930164888458
06085510900,586,1487,2073,0.7173178967679691
06085511000,780,1613,2393,0.674049310488926
06085511100,278,1574,1852,0.8498920086393088
06085511200,335,1396,1731,0.806470248411323
06085511301,854,895,1749,0.5117209834190967
06085511302,1270,733,2003,0.3659510733899151
06085511400,284,1012,1296,0.7808641975308642
06085511500,1162,1793,2955,0.6067681895093062
06085511608,78,28,106,0.2641509433962264
06085511609,1260,455,1715,0.2653061224489796
06085511701,215,1337,1552,0.8614690721649485
06085511702,112,798,910,0.8769230769230769
06085511704,218,1435,1653,0.868118572292801
06085511705,75,294,369,0.7967479674796748
06085511707,382,829,1211,0.6845582163501238
06085511800,212,1256,1468,0.8555858310626703
06085511905,181,839,1020,0.8225490196078431
06085511907,226,1125,1351,0.8327165062916358
06085511909,387,2265,2652,0.8540723981900452
06085511910,153,925,1078,0.8580705009276438
06085511911,564,1299,1863,0.6972624798711755
06085511912,236,1526,1762,0.8660612939841089
06085511913,168,1233,1401,0.880085653104925
06085511914,283,1589,1872,0.8488247863247863
06085511915,608,549,1157,0.47450302506482284
06085511916,391,1273,1664,0.7650240384615384
06085512001,338,1728,2066,0.8363988383349468
06085512005,346,1794,2140,0.8383177570093457
06085512017,493,1652,2145,0.7701631701631702
06085512019,508,996,1504,0.6622340425531915
06085512020,1541,1021,2562,0.3985167837626854
06085512021,497,1585,2082,0.7612872238232469
06085512022,819,1031,1850,0.5572972972972973
06085512023,1072,908,1980,0.4585858585858586
06085512024,683,1081,1764,0.61281179138322
06085512025,198,837,1035,0.808695652173913
06085512026,474,878,1352,0.6494082840236687
06085512027,695,868,1563,0.5553422904670505
06085512029,564,1743,2307,0.7555266579973993
06085512030,146,852,998,0.8537074148296593
06085512031,208,1164,1372,0.8483965014577259
06085512032,141,911,1052,0.8659695817490495
06085512033,1484,1935,3419,0.5659549575899385
06085512034,212,794,1006,0.7892644135188867
06085512035,233,1170,1403,0.8339272986457591
06085512036,940,952,1892,0.5031712473572939
06085512037,151,854,1005,0.8497512437810946
06085512038,539,563,1102,0.5108892921960072
06085512039,320,1131,1451,0.7794624396967609
06085512042,330,548,878,0.6241457858769932
06085512043,760,817,1577,0.5180722891566265
06085512045,272,1528,1800,0.8488888888888889
06085512047,298,1410,1708,0.8255269320843092
06085512052,926,820,1746,0.46964490263459335
06085512053,412,1045,1457,0.7172271791352093
06085512100,73,396,469,0.8443496801705757
06085512200,250,1253,1503,0.833666001330672
06085512305,274,1309,1583,0.8269109286165508
06085512307,590,1822,2412,0.7553897180762852
06085512308,352,2290,2642,0.8667676003028009
06085512309,332,1424,1756,0.8109339407744874
06085512310,729,1089,1818,0.599009900990099
06085512311,434,887,1321,0.6714610143830432
06085512312,328,933,1261,0.7398889770023791
06085512313,533,603,1136,0.5308098591549296
06085512314,710,1527,2237,0.6826106392489942
06085512401,265,1058,1323,0.799697656840514
06085512402,291,1152,1443,0.7983367983367984
06085512503,371,2268,2639,0.8594164456233422
06085512505,837,1464,2301,0.636245110821382
06085512506,643,1305,1948,0.669917864476386
06085512508,873,1680,2553,0.6580493537015276
06085512509,416,1206,1622,0.7435265104808878
06085512510,757,1736,2493,0.6963497793822704
06085512602,208,550,758,0.7255936675461742
06085512603,566,556,1122,0.49554367201426025
06085512604,461,750,1211,0.6193228736581338
06085513000,1825,714,2539,0.28121307601417883
06085513500,82,302,384,0.7864583333333334
06087100100,132,686,818,0.8386308068459658
06087100200,847,1857,2704,0.6867603550295858
06087100300,305,954,1259,0.7577442414614773
06087100400,222,199,421,0.47268408551068886
06087100500,919,1410,2329,0.605410047230571
06087100600,317,958,1275,0.7513725490196078
06087100700,623,442,1065,0.41502347417840374
06087100800,1560,1636,3196,0.5118898623279099
06087100900,795,1108,1903,0.582238570677877
06087101000,2173,1486,3659,0.40612189122711123
06087101100,564,1766,2330,0.7579399141630901
06087101200,361,826,1187,0.6958719460825611
06087110100,839,1670,2509,0.6656038262255879
06087110200,685,1486,2171,0.6844771994472594
06087110300,955,891,1846,0.4826652221018418
06087110400,918,1136,2054,0.5530671859785784
06087110501,1045,1269,2314,0.5484010371650822
06087110502,523,1077,1600,0.673125
06087110600,954,1421,2375,0.5983157894736842
06087110700,142,759,901,0.8423973362930077
06087120200,288,1340,1628,0.8230958230958231
06087120301,386,1597,1983,0.805345436207766
06087120302,206,854,1060,0.8056603773584906
06087120400,341,1707,2048,0.83349609375
06087120500,403,2032,2435,0.8344969199178645
06087120600,309,1526,1835,0.8316076294277929
06087120700,259,1330,1589,0.8370044052863436
06087120800,617,1673,2290,0.7305676855895197
06087120900,971,2153,3124,0.6891805377720871
06087121000,232,1140,1372,0.8309037900874635
06087121100,265,932,1197,0.7786131996658312
06087121200,403,1887,2290,0.8240174672489083
06087121300,612,1094,1706,0.6412661195779601
06087121401,332,634,966,0.6563146997929606
06087121402,539,965,1504,0.6416223404255319
06087121403,502,803,1305,0.6153256704980843
06087121500,1101,1231,2332,0.5278730703259005
06087121600,911,1822,2733,0.6666666666666666
06087121700,1255,1639,2894,0.5663441603317207
06087121800,817,1233,2050,0.6014634146341463
06087122001,398,1436,1834,0.7829880043620502
06087122002,167,1015,1182,0.8587140439932318
06087122003,974,1827,2801,0.6522670474830418
06087122100,554,989,1543,0.6409591704471809
06087122201,593,2045,2638,0.7752084912812737
06087122202,141,768,909,0.8448844884488449
06087122203,509,1115,1624,0.6865763546798029
06087122300,460,1025,1485,0.6902356902356902
06087122400,535,2073,2608,0.7948619631901841
06087122500,383,1319,1702,0.7749706227967098
06087123100,189,640,829,0.7720144752714113
06087123300,109,297,406,0.7315270935960592
06089010100,416,371,787,0.4714104193138501
06089010200,451,667,1118,0.5966010733452594
06089010300,683,929,1612,0.576302729528536
06089010400,411,1239,1650,0.7509090909090909
06089010500,826,1327,2153,0.6163492800743149
06089010601,136,800,936,0.8547008547008547
06089010602,599,1727,2326,0.7424763542562339
06089010603,93,417,510,0.8176470588235294
06089010702,435,1113,1548,0.7189922480620154
06089010703,973,728,1701,0.4279835390946502
06089010704,812,983,1795,0.5476323119777159
06089010803,1053,1347,2400,0.56125
06089010804,135,733,868,0.8444700460829493
06089010805,484,1424,1908,0.7463312368972747
06089010806,596,858,1454,0.5900962861072903
06089010807,409,1350,1759,0.7674815235929505
06089010900,715,921,1636,0.562958435207824
06089011001,96,547,643,0.8506998444790047
06089011002,482,1673,2155,0.7763341067285383
06089011100,210,1054,1264,0.8338607594936709
06089011209,1009,1179,2188,0.5388482632541134
06089011300,548,1375,1923,0.7150286011440458
06089011401,306,1202,1508,0.7970822281167109
06089011402,167,989,1156,0.8555363321799307
06089011403,216,859,1075,0.7990697674418604
06089011500,515,1587,2102,0.7549952426260704
06089011600,423,1098,1521,0.7218934911242604
06089011701,184,706,890,0.7932584269662921
06089011702,376,971,1347,0.7208611729769859
06089011703,307,909,1216,0.7475328947368421
06089011801,138,775,913,0.8488499452354874
06089011802,193,779,972,0.801440329218107
06089011803,243,872,1115,0.7820627802690583
06089011900,278,1447,1725,0.8388405797101449
06089012000,649,1129,1778,0.6349831271091113
06089012101,481,1319,1800,0.7327777777777778
06089012102,362,555,917,0.6052344601962922
06089012200,584,1628,2212,0.7359855334538878
06089012301,320,764,1084,0.7047970479704797
06089012302,477,1560,2037,0.7658321060382917
06089012303,246,1281,1527,0.8388998035363457
06089012400,291,1193,1484,0.8039083557951483
06089012500,141,583,724,0.8052486187845304
06089012601,392,1652,2044,0.8082191780821918
06089012603,360,1429,1789,0.7987702627166015
06089012604,164,773,937,0.8249733191035219
06089012701,493,1308,1801,0.7262631871182677
06089012702,288,885,1173,0.7544757033248082
06091010000,273,1046,1319,0.7930250189537529
06093000100,79,310,389,0.7969151670951157
06093000200,143,538,681,0.7900146842878121
06093000300,384,1321,1705,0.7747800586510264
06093000400,76,229,305,0.7508196721311475
06093000500,153,666,819,0.8131868131868132
06093000600,136,626,762,0.821522309711286
06093000701,294,1290,1584,0.8143939393939394
06093000702,759,1165,1924,0.6055093555093555
06093000703,389,1151,1540,0.7474025974025974
06093000800,335,1149,1484,0.7742587601078167
06093000900,790,2397,3187,0.7521179792908692
06093001000,960,2327,3287,0.7079403711591117
06093001100,273,672,945,0.7111111111111111
06093001200,149,479,628,0.7627388535031847
06095250103,528,1077,1605,0.6710280373831776
06095250104,233,537,770,0.6974025974025974
06095250105,740,1685,2425,0.6948453608247422
06095250106,195,1203,1398,0.8605150214592274
06095250200,504,968,1472,0.657608695652174
06095250300,277,830,1107,0.7497741644083108
06095250400,239,904,1143,0.7909011373578303
06095250501,146,586,732,0.8005464480874317
06095250502,257,814,1071,0.7600373482726424
06095250601,327,1136,1463,0.7764866712235133
06095250604,440,1013,1453,0.6971782518926359
06095250605,306,1116,1422,0.7848101265822784
06095250701,351,756,1107,0.6829268292682927
06095250801,756,777,1533,0.5068493150684932
06095250900,912,445,1357,0.32792925571112747
06095251000,453,638,1091,0.5847846012832264
06095251100,328,791,1119,0.7068811438784629
06095251200,351,887,1238,0.7164781906300485
06095251300,257,923,1180,0.7822033898305085
06095251400,626,1481,2107,0.7028951115329853
06095251500,609,801,1410,0.5680851063829787
06095251600,634,525,1159,0.45297670405522
06095251701,684,701,1385,0.5061371841155234
06095251702,436,597,1033,0.5779283639883833
06095251802,742,531,1273,0.4171249018067557
06095251803,286,1087,1373,0.7916970138383103
06095251804,168,829,997,0.831494483450351
06095251901,749,1110,1859,0.5970952124798279
06095251902,388,1328,1716,0.7738927738927739
06095251903,259,1446,1705,0.8480938416422288
06095252000,865,1399,2264,0.6179328621908127
06095252102,389,1079,1468,0.7350136239782016
06095252103,705,1167,1872,0.6233974358974359
06095252104,312,1574,1886,0.8345705196182397
06095252105,368,995,1363,0.7300073367571533
06095252106,553,1135,1688,0.67239336492891
06095252107,360,1077,1437,0.7494780793319415
06095252108,376,967,1343,0.720029784065525
06095252201,503,2569,3072,0.8362630208333334
06095252202,515,2925,3440,0.8502906976744186
06095252305,567,1278,1845,0.6926829268292682
06095252306,275,934,1209,0.7725392886683209
06095252310,226,877,1103,0.7951042611060744
06095252311,411,1125,1536,0.732421875
06095252312,531,834,1365,0.610989010989011
06095252313,781,1476,2257,0.6539654408506868
06095252314,379,997,1376,0.7245639534883721
06095252315,279,1149,1428,0.8046218487394958
06095252316,271,794,1065,0.7455399061032864
06095252317,458,2308,2766,0.8344179320318149
06095252401,394,1055,1449,0.728088336783989
06095252402,635,1109,1744,0.635894495412844
06095252501,394,538,932,0.5772532188841202
06095252502,354,275,629,0.43720190779014306
06095252604,535,622,1157,0.5375972342264477
06095252605,1106,905,2011,0.4500248632521134
06095252606,688,984,1672,0.5885167464114832
06095252607,529,662,1191,0.5558354324097398
06095252608,614,690,1304,0.5291411042944786
06095252610,226,810,1036,0.7818532818532818
06095252611,472,632,1104,0.572463768115942
06095252702,623,1696,2319,0.7313497197067702
06095252703,302,1041,1343,0.7751303052866716
06095252704,630,1113,1743,0.6385542168674698
06095252705,283,1510,1793,0.8421639709983268
06095252706,200,1064,1264,0.8417721518987342
06095252707,578,1141,1719,0.6637579988365329
06095252801,361,506,867,0.5836216839677048
06095252802,92,104,196,0.5306122448979592
06095252903,272,1253,1525,0.8216393442622951
06095252904,737,1855,2592,0.7156635802469136
06095252908,458,850,1308,0.6498470948012233
06095252909,176,873,1049,0.8322211630123928
06095252910,425,1541,1966,0.78382502543235
06095252911,878,1754,2632,0.6664133738601824
06095252912,311,1577,1888,0.8352754237288136
06095252913,307,1345,1652,0.8141646489104116
06095252914,508,1493,2001,0.7461269365317341
06095252915,259,1356,1615,0.8396284829721362
06095253101,517,1465,1982,0.7391523713420787
06095253105,1295,1218,2513,0.48467966573816157
06095253106,369,891,1260,0.7071428571428572
06095253107,967,1345,2312,0.5817474048442907
06095253108,488,1106,1594,0.6938519447929736
06095253201,259,1572,1831,0.8585472419442928
06095253203,481,981,1462,0.6709986320109439
06095253204,846,1571,2417,0.6499793131981796
06095253205,328,710,1038,0.6840077071290944
06095253206,174,924,1098,0.8415300546448088
06095253300,159,680,839,0.8104886769964244
06095253402,640,1815,2455,0.7393075356415478
06095253403,187,1352,1539,0.8784925276153346
06095253404,645,1509,2154,0.7005571030640668
06095253500,1004,4180,5184,0.8063271604938271
06097150100,228,813,1041,0.7809798270893372
06097150202,661,1577,2238,0.7046470062555853
06097150203,751,1409,2160,0.6523148148148148
06097150204,525,1186,1711,0.6931618936294565
06097150303,396,1827,2223,0.8218623481781376
06097150304,571,1663,2234,0.7444046553267681
06097150305,740,1059,1799,0.5886603668704836
06097150306,506,1305,1811,0.7205963556046383
06097150500,401,1499,1900,0.7889473684210526
06097150601,329,1082,1411,0.7668320340184267
06097150602,227,1323,1550,0.8535483870967742
06097150603,938,1928,2866,0.6727145847871598
06097150607,359,1379,1738,0.7934407364787112
06097150609,665,1343,2008,0.6688247011952191
06097150610,295,1051,1346,0.7808320950965825
06097150611,476,954,1430,0.6671328671328671
06097150612,465,1201,1666,0.7208883553421368
06097150701,792,1267,2059,0.61534725594949
06097150702,349,1590,1939,0.8200103145951522
06097150800,571,1441,2012,0.7162027833001988
06097150901,801,1240,2041,0.6075453209211171
06097150902,298,1111,1409,0.7885024840312278
06097151000,328,1167,1495,0.7806020066889632
06097151100,408,1493,1901,0.7853761178327197
06097151201,1000,1920,2920,0.6575342465753424
06097151203,545,1231,1776,0.6931306306306306
06097151204,427,752,1179,0.6378286683630195
06097151301,692,967,1659,0.5828812537673297
06097151305,1460,1088,2548,0.42700156985871274
06097151306,748,987,1735,0.5688760806916426
06097151307,457,1561,2018,0.7735381565906838
06097151308,773,1191,1964,0.6064154786150713
06097151309,594,1552,2146,0.723205964585275
06097151310,673,834,1507,0.5534173855341739
06097151311,821,1581,2402,0.6582014987510408
06097151401,904,1703,2607,0.6532412734944381
06097151402,1743,1767,3510,0.5034188034188034
06097151502,1031,1859,2890,0.6432525951557093
06097151503,163,1199,1362,0.8803230543318649
06097151504,239,1048,1287,0.8142968142968143
06097151601,407,1344,1751,0.7675613934894346
06097151602,400,1410,1810,0.7790055248618785
06097151700,1317,1598,2915,0.5481989708404803
06097151800,458,1583,2041,0.7756001959823616
06097151900,585,864,1449,0.5962732919254659
06097152000,665,322,987,0.3262411347517731
06097152100,388,630,1018,0.618860510805501
06097152201,748,994,1742,0.5706084959816303
06097152202,973,1871,2844,0.6578762306610408
06097152203,769,1031,1800,0.5727777777777778
06097152300,324,1440,1764,0.8163265306122449
06097152400,954,2691,3645,0.7382716049382716
06097152501,635,1072,1707,0.6280023432923257
06097152502,456,1020,1476,0.6910569105691057
06097152600,530,2548,3078,0.8278102664067576
06097152701,612,1377,1989,0.6923076923076923
06097152702,684,1154,1838,0.6278563656147987
06097152801,293,1197,1490,0.8033557046979866
06097152802,1617,1188,2805,0.4235294117647059
06097152903,637,925,1562,0.5921895006402048
06097152904,499,1393,1892,0.7362579281183932
06097152905,528,1002,1530,0.6549019607843137
06097152906,402,1623,2025,0.8014814814814815
06097153001,1398,1289,2687,0.4797171566803126
06097153002,693,1210,1903,0.6358381502890174
06097153003,816,1142,1958,0.5832482124616956
06097153005,519,1976,2495,0.7919839679358718
06097153006,874,2046,2920,0.7006849315068493
06097153102,520,979,1499,0.6531020680453635
06097153103,427,972,1399,0.6947819871336669
06097153104,483,735,1218,0.603448275862069
06097153200,827,1723,2550,0.6756862745098039
06097153300,1038,2796,3834,0.729264475743349
06097153401,869,1806,2675,0.6751401869158878
06097153403,374,1212,1586,0.7641866330390921
06097153404,466,1273,1739,0.7320299022426682
06097153501,357,1544,1901,0.8122041031036297
06097153502,258,1483,1741,0.851809304997128
06097153600,430,1850,2280,0.8114035087719298
06097153703,423,1306,1729,0.7553499132446501
06097153704,504,1387,1891,0.733474352194606
06097153705,399,1430,1829,0.7818480043739748
06097153706,422,1575,1997,0.7886830245368052
06097153801,566,2453,3019,0.8125207022192779
06097153804,168,979,1147,0.8535309503051438
06097153806,294,892,1186,0.7521079258010118
06097153807,195,1169,1364,0.8570381231671554
06097153808,573,962,1535,0.6267100977198697
06097153809,395,1169,1564,0.7474424552429667
06097153901,430,1651,2081,0.7933685728015377
06097153902,598,1115,1713,0.6509048453006422
06097153903,321,1201,1522,0.7890932982917214
06097154000,189,863,1052,0.8203422053231939
06097154100,282,1071,1353,0.7915742793791575
06097154201,509,878,1387,0.6330209084354722
06097154202,512,1790,2302,0.7775847089487402
06097154302,335,1462,1797,0.8135781858653311
06097154303,118,659,777,0.8481338481338482
06097154304,195,893,1088,0.8207720588235294
06099000101,370,1594,1964,0.8116089613034623
06099000102,300,1208,1508,0.8010610079575596
06099000201,575,1692,2267,0.7463608292898103
06099000202,591,1800,2391,0.7528230865746549
06099000203,839,2645,3484,0.7591848450057406
06099000301,221,450,671,0.6706408345752608
06099000302,305,541,846,0.6394799054373522
06099000303,296,1447,1743,0.8301778542742398
06099000304,279,1147,1426,0.8043478260869565
06099000402,668,2831,3499,0.8090883109459845
06099000403,453,1144,1597,0.7163431433938635
06099000404,682,1470,2152,0.6830855018587361
06099000501,381,2121,2502,0.8477218225419664
06099000503,739,1104,1843,0.599023331524688
06099000504,563,2413,2976,0.8108198924731183
06099000505,533,1124,1657,0.6783343391671696
06099000506,626,1165,1791,0.6504745951982133
06099000510,489,1945,2434,0.7990961380443714
06099000601,257,1212,1469,0.8250510551395507
06099000602,153,704,857,0.8214702450408401
06099000801,720,1799,2519,0.7141722905915046
06099000803,718,916,1634,0.5605875152998776
06099000805,497,1472,1969,0.7475876079228034
06099000806,529,1094,1623,0.674060382008626
06099000807,873,763,1636,0.46638141809290956
06099000905,590,1575,2165,0.7274826789838337
06099000906,631,1657,2288,0.7242132867132867
06099000907,289,1001,1290,0.775968992248062
06099000908,658,1293,1951,0.6627370579190159
06099000909,606,1167,1773,0.6582064297800339
06099000910,1066,1334,2400,0.5558333333333333
06099000911,564,1239,1803,0.6871880199667221
06099000912,1148,4393,5541,0.7928171810142574
06099001001,1044,1500,2544,0.589622641509434
06099001002,462,898,1360,0.6602941176470588
06099001100,658,950,1608,0.5907960199004975
06099001200,549,1066,1615,0.660061919504644
06099001300,615,1816,2431,0.7470176881941588
06099001400,798,1624,2422,0.6705202312138728
06099001500,474,1690,2164,0.7809611829944547
06099001601,330,929,1259,0.7378872120730738
06099001603,421,1196,1617,0.7396413110698825
06099001604,364,672,1036,0.6486486486486487
06099001700,349,449,798,0.5626566416040101
06099001800,499,449,948,0.47362869198312235
06099001900,435,1609,2044,0.7871819960861057
06099002002,374,1070,1444,0.7409972299168975
06099002004,687,1367,2054,0.6655306718597858
06099002005,231,906,1137,0.7968337730870713
06099002006,228,1100,1328,0.8283132530120482
06099002100,307,647,954,0.6781970649895178
06099002200,585,1207,1792,0.6735491071428571
06099002301,511,1581,2092,0.755736137667304
06099002302,289,796,1085,0.7336405529953917
06099002401,163,769,932,0.825107296137339
06099002402,295,1061,1356,0.782448377581121
06099002501,343,1257,1600,0.785625
06099002503,396,915,1311,0.6979405034324943
06099002504,198,1006,1204,0.8355481727574751
06099002602,548,1004,1552,0.6469072164948454
06099002603,192,728,920,0.7913043478260869
06099002604,599,788,1387,0.5681326604181687
06099002605,225,1008,1233,0.8175182481751825
06099002701,209,973,1182,0.823181049069374
06099002702,568,1348,1916,0.7035490605427975
06099002801,372,1384,1756,0.7881548974943052
06099002802,485,1422,1907,0.7456738332459361
06099002803,280,869,1149,0.7563098346388164
06099002901,312,1290,1602,0.8052434456928839
06099002902,640,2189,2829,0.7737716507599859
06099003001,370,2104,2474,0.8504446240905417
06099003002,510,1540,2050,0.751219512195122
06099003100,306,919,1225,0.7502040816326531
06099003201,338,1072,1410,0.7602836879432624
06099003202,984,3744,4728,0.7918781725888325
06099003300,402,1282,1684,0.7612826603325415
06099003400,145,391,536,0.7294776119402985
06099003500,780,2776,3556,0.7806524184476941
06099003603,300,853,1153,0.7398091934084996
06099003604,513,2448,2961,0.8267477203647416
06099003605,1251,1721,2972,0.57907133243607
06099003606,963,2843,3806,0.7469784550709406
06099003700,334,1116,1450,0.7696551724137931
06099003802,632,1009,1641,0.6148689823278489
06099003803,218,628,846,0.7423167848699763
06099003804,618,1768,2386,0.740989103101425
06099003805,406,657,1063,0.6180620884289746
06099003904,614,1205,1819,0.662451896646509
06099003905,219,1307,1526,0.8564875491480997
06099003906,1173,859,2032,0.42273622047244097
06099003907,698,2064,2762,0.7472845763939174
06099003908,493,443,936,0.4732905982905983
06099003909,751,1649,2400,0.6870833333333334
06099004000,241,1004,1245,0.8064257028112449
06101050101,1029,1429,2458,0.5813669650122051
06101050102,840,991,1831,0.5412342981977062
06101050201,587,669,1256,0.5326433121019108
06101050202,636,818,1454,0.562585969738652
06101050301,345,658,1003,0.6560319042871385
06101050302,687,1206,1893,0.6370839936608558
06101050401,381,1276,1657,0.7700663850331925
06101050402,260,958,1218,0.7865353037766831
06101050403,155,851,1006,0.8459244532803181
06101050501,709,1387,2096,0.6617366412213741
06101050503,413,1820,2233,0.8150470219435737
06101050504,371,1811,2182,0.8299725022914757
06101050601,411,1563,1974,0.7917933130699089
06101050603,495,1502,1997,0.7521281922884326
06101050604,519,1090,1609,0.6774394033561218
06101050701,373,1028,1401,0.7337615988579586
06101050702,467,1335,1802,0.7408435072142064
06101050800,263,994,1257,0.7907716785998409
06101050900,136,404,540,0.7481481481481481
06101051000,172,667,839,0.7949940405244339
06101051100,220,710,930,0.7634408602150538
06103000100,469,1533,2002,0.7657342657342657
06103000200,588,2376,2964,0.8016194331983806
06103000300,419,1319,1738,0.7589182968929804
06103000400,451,1855,2306,0.8044232437120555
06103000500,700,1427,2127,0.6708979783732957
06103000600,822,1376,2198,0.6260236578707916
06103000700,1084,1798,2882,0.6238723108952117
06103000800,345,1107,1452,0.762396694214876
06103000900,330,991,1321,0.7501892505677517
06103001000,587,1827,2414,0.7568351284175642
06103001100,883,1902,2785,0.6829443447037702
06105000101,259,869,1128,0.7703900709219859
06105000102,545,1394,1939,0.7189272821041774
06105000200,227,803,1030,0.7796116504854369
06105000300,384,1014,1398,0.7253218884120172
06105000400,104,340,444,0.7657657657657657
06107000100,303,1586,1889,0.8395976707252515
06107000201,781,1610,2391,0.6733584274362192
06107000202,176,481,657,0.7321156773211568
06107000301,523,1604,2127,0.7541137752703339
06107000302,221,611,832,0.734375
06107000401,381,1260,1641,0.7678244972577697
06107000402,743,1290,2033,0.6345302508607968
06107000501,707,1144,1851,0.6180443003781739
06107000502,223,722,945,0.764021164021164
06107000600,513,1173,1686,0.6957295373665481
06107000701,244,604,848,0.7122641509433962
06107000702,553,1063,1616,0.6577970297029703
06107000800,508,1719,2227,0.7718904355635384
06107000900,528,1913,2441,0.7836952068824252
06107001003,1368,6031,7399,0.815110150020273
06107001004,421,1510,1931,0.7819782496116002
06107001005,247,800,1047,0.7640878701050621
06107001006,644,1526,2170,0.7032258064516129
06107001100,890,1040,1930,0.538860103626943
06107001200,316,214,530,0.4037735849056604
06107001301,484,2181,2665,0.8183864915572233
06107001302,919,1713,2632,0.6508358662613982
06107001400,371,1392,1763,0.789563244469654
06107001501,489,1399,1888,0.7409957627118644
06107001502,397,1451,1848,0.7851731601731602
06107001601,393,994,1387,0.7166546503244412
06107001602,469,1188,1657,0.7169583584791792
06107001701,878,1453,2331,0.6233376233376233
06107001703,437,2026,2463,0.8225740966301258
06107001704,812,1807,2619,0.6899579992363497
06107001800,508,1171,1679,0.6974389517569982
06107001901,298,939,1237,0.7590945836701698
06107001902,285,1102,1387,0.7945205479452054
06107002002,509,1044,1553,0.6722472633612363
06107002003,659,1348,2007,0.6716492277030394
06107002004,557,1188,1745,0.6808022922636103
06107002006,343,1191,1534,0.7764015645371578
06107002007,765,2118,2883,0.7346514047866806
06107002008,662,499,1161,0.429801894918174
06107002009,420,1126,1546,0.7283311772315654
06107002100,154,565,719,0.7858136300417247
06107002202,717,952,1669,0.5704014379868184
06107002203,198,1009,1207,0.835956917978459
06107002204,508,1152,1660,0.6939759036144578
06107002302,391,1125,1516,0.7420844327176781
06107002303,602,1621,2223,0.7291947818263608
06107002304,254,481,735,0.654421768707483
06107002400,716,3365,4081,0.8245528056848812
06107002500,258,953,1211,0.786952931461602
06107002601,372,990,1362,0.7268722466960352
06107002602,370,1261,1631,0.7731453096259964
06107002700,500,1918,2418,0.7932175351530191
06107002800,558,565,1123,0.5031166518254675
06107002901,339,700,1039,0.6737247353224254
06107002903,299,1261,1560,0.8083333333333333
06107002904,484,1089,1573,0.6923076923076923
06107003001,303,902,1205,0.7485477178423237
06107003002,295,648,943,0.6871686108165429
06107003100,293,680,973,0.6988694758478932
06107003200,560,1298,1858,0.6986006458557589
06107003300,497,1729,2226,0.7767295597484277
06107003400,498,1714,2212,0.7748643761301989
06107003501,231,743,974,0.7628336755646817
06107003502,650,2551,3201,0.7969384567322711
06107003601,582,1579,2161,0.7306802406293382
06107003602,689,1440,2129,0.6763738844527948
06107003700,671,1295,1966,0.6586978636826043
06107003801,496,549,1045,0.5253588516746411
06107003802,673,783,1456,0.5377747252747253
06107003901,470,1356,1826,0.7426067907995619
06107003902,392,1254,1646,0.7618469015795869
06107004101,848,1674,2522,0.6637589214908802
06107004102,149,451,600,0.7516666666666667
06107004200,519,1220,1739,0.7015526164462335
06107004300,593,1326,1919,0.6909848879624805
06107004400,486,1403,1889,0.7427210164107994
06107004500,464,1381,1845,0.7485094850948509
06109001100,443,1213,1656,0.732487922705314
06109001200,649,1075,1724,0.6235498839907193
06109002100,535,1515,2050,0.7390243902439024
06109002200,580,2900,3480,0.8333333333333334
06109003100,530,2206,2736,0.8062865497076024
06109003200,458,1883,2341,0.8043571123451516
06109004100,780,1621,2401,0.6751353602665556
06109004200,315,1312,1627,0.8063921327596804
06109005100,968,2731,3699,0.7383076507164098
06109005201,140,648,788,0.8223350253807107
06111000100,50,230,280,0.8214285714285714
06111000200,220,476,696,0.6839080459770115
06111000302,654,1765,2419,0.7296403472509302
06111000303,258,1142,1400,0.8157142857142857
06111000304,311,939,1250,0.7512
06111000400,371,1269,1640,0.7737804878048781
06111000500,203,378,581,0.6506024096385542
06111000600,753,1005,1758,0.5716723549488054
06111000701,785,1036,1821,0.5689181768259198
06111000702,197,689,886,0.7776523702031602
06111000800,703,1930,2633,0.7330041777440183
06111000901,319,829,1148,0.7221254355400697
06111000902,209,632,841,0.751486325802616
06111000903,630,1516,2146,0.706430568499534
06111001001,248,748,996,0.751004016064257
06111001002,605,1808,2413,0.7492747617074181
06111001101,351,1438,1789,0.8038010061486864
06111001102,220,1067,1287,0.8290598290598291
06111001201,865,1073,1938,0.5536635706914345
06111001202,392,2034,2426,0.8384171475680132
06111001204,181,662,843,0.7852906287069988
06111001206,75,270,345,0.782608695652174
06111001301,819,1862,2681,0.6945169712793734
06111001302,257,525,782,0.6713554987212276
06111001401,299,1117,1416,0.7888418079096046
06111001402,694,1434,2128,0.6738721804511278
06111001502,1901,1880,3781,0.49722295688971174
06111001503,913,935,1848,0.5059523809523809
06111001506,375,1339,1714,0.7812135355892649
06111001507,439,954,1393,0.6848528356066045
06111001601,278,216,494,0.43724696356275305
06111001602,248,695,943,0.7370095440084835
06111001700,150,1056,1206,0.8756218905472637
06111001800,266,1335,1601,0.8338538413491567
06111001900,508,1109,1617,0.6858379715522572
06111002000,323,753,1076,0.699814126394052
06111002102,602,429,1031,0.41610087293889425
06111002200,855,1303,2158,0.6037998146431881
06111002300,750,1324,2074,0.6383799421407907
06111002400,927,407,1334,0.30509745127436283
06111002500,894,1371,2265,0.6052980132450331
06111002600,454,899,1353,0.6644493717664449
06111002700,900,926,1826,0.5071193866374589
06111002800,818,1690,2508,0.6738437001594896
06111002901,466,1240,1706,0.7268464243845252
06111002905,340,1232,1572,0.7837150127226463
06111003010,462,508,970,0.5237113402061856
06111003011,654,892,1546,0.5769728331177232
06111003012,116,38,154,0.24675324675324675
06111003013,680,856,1536,0.5572916666666666
06111003100,491,2835,3326,0.8523752254960913
06111003201,224,476,700,0.68
06111003300,910,1327,2237,0.5932051855163165
06111003605,933,1896,2829,0.6702014846235419
06111003608,298,707,1005,0.7034825870646766
06111003609,1081,1884,2965,0.6354131534569983
06111003612,851,1130,1981,0.5704189803129732
06111003700,301,925,1226,0.7544861337683524
06111003801,363,770,1133,0.6796116504854369
06111003802,225,324,549,0.5901639344262295
06111003900,397,1085,1482,0.7321187584345479
06111004000,370,1045,1415,0.7385159010600707
06111004101,388,945,1333,0.708927231807952
06111004200,224,1014,1238,0.8190630048465266
06111004304,1121,1182,2303,0.5132435953104646
06111004305,205,195,400,0.4875
06111004400,1186,1500,2686,0.5584512285927029
06111004503,481,635,1116,0.5689964157706093
06111004504,426,700,1126,0.6216696269982238
06111004505,161,312,473,0.6596194503171248
06111004506,902,537,1439,0.37317581653926335
06111004600,159,308,467,0.6595289079229122
06111004704,121,277,398,0.6959798994974874
06111004710,573,775,1348,0.5749258160237388
06111004711,230,548,778,0.7043701799485861
06111004715,389,791,1180,0.6703389830508475
06111004716,205,719,924,0.7781385281385281
06111004717,174,510,684,0.7456140350877193
06111004901,772,1188,1960,0.6061224489795919
06111004902,366,677,1043,0.6490891658676894
06111005002,234,442,676,0.6538461538461539
06111005003,518,1256,1774,0.7080045095828635
06111005004,1620,1508,3128,0.4820971867007673
06111005100,232,827,1059,0.7809254013220018
06111005202,250,813,1063,0.7648165569143932
06111005203,330,1588,1918,0.8279457768508863
06111005204,138,1098,1236,0.8883495145631068
06111005205,675,1790,2465,0.7261663286004056
06111005303,1008,2292,3300,0.6945454545454546
06111005304,1045,1902,2947,0.6454021038344079
06111005305,218,1571,1789,0.8781442146450531
06111005306,293,1377,1670,0.8245508982035928
06111005401,272,1062,1334,0.7961019490254873
06111005403,386,529,915,0.5781420765027322
06111005404,197,973,1170,0.8316239316239317
06111005502,1189,890,2079,0.4280904280904281
06111005503,452,930,1382,0.6729377713458755
06111005504,356,1135,1491,0.761234071093226
06111005600,1315,2744,4059,0.6760285784676029
06111005700,371,283,654,0.4327217125382263
06111005801,241,1471,1712,0.8592289719626168
06111005802,549,2447,2996,0.8167556742323098
06111005901,312,1869,2181,0.8569463548830811
06111005906,834,1736,2570,0.6754863813229572
06111005907,505,1256,1761,0.7132311186825667
06111005908,231,762,993,0.7673716012084593
06111005909,367,1006,1373,0.7327021121631464
06111005910,79,537,616,0.8717532467532467
06111005911,496,1046,1542,0.6783398184176395
06111006000,223,1319,1542,0.8553826199740596
06111006100,1223,1515,2738,0.5533235938641344
06111006200,148,913,1061,0.8605089538171536
06111006301,780,1814,2594,0.6993060909791827
06111006302,200,587,787,0.7458703939008895
06111006400,354,2069,2423,0.8539001238134544
06111006500,223,822,1045,0.7866028708133971
06111006600,207,1171,1378,0.8497822931785196
06111006700,311,829,1140,0.7271929824561404
06111006800,270,958,1228,0.7801302931596091
06111006900,938,790,1728,0.45717592592592593
06111007000,876,708,1584,0.44696969696969696
06111007100,1549,1190,2739,0.434465133260314
06111007201,144,1074,1218,0.8817733990147784
06111007202,292,1365,1657,0.823777911888956
06111007300,162,584,746,0.7828418230563002
06111007402,711,1820,2531,0.7190833662583959
06111007403,580,1606,2186,0.7346752058554438
06111007405,741,1643,2384,0.6891778523489933
06111007406,267,598,865,0.6913294797687861
06111007505,209,916,1125,0.8142222222222222
06111007506,390,2041,2431,0.839572192513369
06111007507,387,1976,2363,0.8362251375370292
06111007508,366,1063,1429,0.7438768369489154
06111007509,439,1038,1477,0.7027758970886933
06111007510,238,1837,2075,0.8853012048192771
06111007511,117,681,798,0.8533834586466166
06111007512,389,1431,1820,0.7862637362637362
06111007513,63,465,528,0.8806818181818182
06111007514,1159,1582,2741,0.5771616198467713
06111007606,76,504,580,0.8689655172413793
06111007607,349,1725,2074,0.8317261330761813
06111007609,104,733,837,0.8757467144563919
06111007610,212,1597,1809,0.882808181315644
06111007611,330,618,948,0.6518987341772152
06111007612,841,957,1798,0.532258064516129
06111007613,187,1260,1447,0.8707671043538355
06111007614,609,1916,2525,0.7588118811881188
06111007700,667,1353,2020,0.6698019801980198
06111007800,732,695,1427,0.48703573931324456
06111007901,494,1194,1688,0.707345971563981
06111007903,222,1303,1525,0.8544262295081967
06111007904,311,1393,1704,0.8174882629107981
06111008001,195,756,951,0.7949526813880127
06111008002,489,1064,1553,0.6851255634256278
06111008004,245,1245,1490,0.8355704697986577
06111008005,113,663,776,0.854381443298969
06111008101,208,892,1100,0.8109090909090909
06111008201,392,1159,1551,0.7472598323662153
06111008202,264,1208,1472,0.8206521739130435
06111008302,594,1411,2005,0.7037406483790524
06111008303,572,785,1357,0.578481945467944
06111008304,584,1509,2093,0.7209746774964166
06111008305,144,1047,1191,0.8790931989924433
06111008306,721,808,1529,0.5284499672988882
06111008401,585,1224,1809,0.6766169154228856
06111008402,201,1368,1569,0.8718929254302104
06111008500,767,2226,2993,0.743735382559305
06111008600,1160,968,2128,0.4548872180451128
06111008700,790,1061,1851,0.5732036736898973
06111008800,272,1071,1343,0.7974683544303798
06111008900,142,538,680,0.7911764705882353
06111009100,474,536,1010,0.5306930693069307
06113010101,1164,1421,2585,0.5497098646034816
06113010102,749,1608,2357,0.6822231650403054
06113010201,499,1064,1563,0.6807421625079975
06113010203,1013,1028,2041,0.5036746692797648
06113010204,796,1296,2092,0.6195028680688337
06113010302,651,2332,2983,0.7817633255112303
06113010310,445,1351,1796,0.7522271714922049
06113010312,459,1433,1892,0.757399577167019
06113010401,545,1254,1799,0.6970539188438021
06113010402,191,1092,1283,0.8511301636788776
06113010501,982,379,1361,0.2784717119764879
06113010505,607,1254,1861,0.6738312735088662
06113010508,399,602,1001,0.6013986013986014
06113010509,434,833,1267,0.6574585635359116
06113010510,933,1096,2029,0.5401675702316412
06113010511,556,690,1246,0.5537720706260032
06113010512,530,728,1258,0.5786963434022258
06113010513,551,565,1116,0.5062724014336918
06113010602,1543,993,2536,0.3915615141955836
06113010605,339,816,1155,0.7064935064935065
06113010606,862,1946,2808,0.6930199430199431
06113010607,444,1148,1592,0.7211055276381909
06113010608,849,964,1813,0.531715388858246
06113010701,1116,1051,2167,0.48500230733733274
06113010703,817,853,1670,0.5107784431137724
06113010704,332,551,883,0.6240090600226501
06113010800,438,894,1332,0.6711711711711712
06113010901,617,1167,1784,0.6541479820627802
06113010902,1088,1271,2359,0.5387876218736752
06113011001,1358,1380,2738,0.504017531044558
06113011002,359,1092,1451,0.7525844245348036
06113011101,313,842,1155,0.729004329004329
06113011102,653,923,1576,0.5856598984771574
06113011103,270,760,1030,0.7378640776699029
06113011203,170,889,1059,0.8394711992445704
06113011204,378,1497,1875,0.7984
06113011205,693,1895,2588,0.732225656877898
06113011206,541,2323,2864,0.8111033519553073
06113011300,723,2226,2949,0.7548321464903357
06113011400,343,1134,1477,0.7677725118483413
06113011500,485,1420,1905,0.7454068241469817
06115040100,966,994,1960,0.5071428571428571
06115040200,890,2029,2919,0.6951010620075369
06115040301,564,623,1187,0.5248525695029486
06115040302,384,402,786,0.5114503816793893
06115040303,640,2029,2669,0.7602098164106407
06115040400,645,1146,1791,0.6398659966499163
06115040500,452,818,1270,0.6440944881889764
06115040600,530,1451,1981,0.7324583543664815
06115040700,565,3352,3917,0.8557569568547357
06115040800,368,1351,1719,0.7859220477021525
06115040901,238,800,1038,0.7707129094412332
06115040902,137,204,341,0.5982404692082112
06115041000,455,2382,2837,0.8396193161790624
06115041100,470,1469,1939,0.7576070139247034
